0 107 285 286 287 288
1 69 152 161 228 325 326 327 328 329 330 331 332 333 334 335 336
2 331 384 385
3 2 15 48 55 174 175 176 182 197 200 203 205 206 214 271 475 626 627 628 629 630 631 632 633 634 635 636 637 638 639 640 641 642 643 644 645 646 647 648 649 650 651 652
4 34 39 42 56 58 198 202 326 450 457 486 588 590 594 608 626 710 749 801 802 803 804 805 806 807 808 809 810 811
5 93 233 234 235 445 623 855 856 857
6 68 365 792 812
7 234 581 725 746 791 953 954 955 956 957 958 959
8 8 377 545 546 678 679 776 983 984 985 986
9 80 94 95 388 493 500 505 516 536 608 609 660 689 831 835 984 1009 1010 1011 1012 1013 1014 1015 1016 1017 1018 1019 1020 1021 1022 1023 1024 1025 1026 1027 1028 1029 1030
11 27 1188
12 819
13 516 573 576 606 1218 1219 1220
14 487
15 582
16 182
17 176 182 344 1388
18 8 635 676 962 973 974 1410 1411 1412 1413
19 167 307 499 514 614 637 638 673 995 1456 1457 1458
20 826 1010 1012 1477
22 94 142 705 773 903 944 977 1511 1512 1513
23 1531 1532
24 4 319 353 507 1534
25 343 361 1206 1277 1278 1521 1544
27 32 65 66 345 801 1347 1399 1608 1609 1610 1611
28 336 349 573 820 1067 1167 1224 1274 1275 1373 1436 1636 1637 1638 1639
29 163 426 1644 1645
30 4 69 239 353 370 371 372 383 395 408 421 472 481 487 531 532 550 746 948 1085 1335 1659 1660 1661 1662
31 23 69 111 114 140 232 233 240 241 242 334 363 383 399 422 430 444 499 500 507 538 561 577 594 609 613 623 719 724 730 855 872 893 915 1031 1127 1135 1200 1337 1351 1403 1445 1451 1467 1624 1663 1664 1665 1666 1667 1668 1669 1670 1671 1672 1673 1674 1675 1676 1677 1678 1679 1680 1681 1682 1683 1684 1685 1686
32 77 481 1704 1705
33 171 862 989 1035 1042 1413 1706
34 68 233 237 241 444 992 1624
35 114 409 1748
36 470 537 678 679 710 792 793 1337 1581 1910
37 109 234 235 241 338 402 423 444 539 894 1093
38 33 40 41 44 59 287 368 759 826 870 1922
39 31 181 320 388 568 608 609 622 708 801 835 871 1010 1476 1632 1719 1802 1928 1929 1930
40 117 416 684 686 693 1410 1511 1939
41 2 127 884 1372
42 373
43 402 409 410 1647
44 51 500 516 670 1319 1505 1976
45 87 543 573 720
46 234 370 487 1808
48 2022 2023 2024 2025
49 139 678 679
50 239 481 486 623 961 1361 2055
51 233 241 894 1485
52 26 68 965 1206 1339 1512 1615 1649
53 491 582 724 2064 2117 2118
54 3 4 13 33 40 41 48 55 59 163 182 200 287 331 451 452 521 606 635 829 1288 1583 1617 1700 1925 2135
55 1300 1451
56 6 373 395 961 1071 1342 1561 1923
57 109 234 235 692 769 1384
58 223 605 1649
59 1216
60 135 1733 1772 1957
61 26 242 749 1131 1341 1356 1467 1728
62 380 744 745 2166
63 115 120 141 184 285 399 402 403 404 409 683 707 732 863 961 1112 1133 1513 1619 1704 1716 1910 1944 2177
64 239
65 369 746
66 32
67 194 456 594 652 1187 1224 1242 1301 1504 1909 2153 2230
69 81 110 239 369 550 789 1106 1937 1938
70 211 804 1056
72 55 169 378 396 416 475 483 525 543 589 614 618 699 734 902 1107 1219 1354 1372 1382 1447 1647 1705 1826 1982 2125 2207 2283 2292 2293 2294 2295
73 520 570
74 2 183 231 318 330 597 776 1616 1849 2307
75 295 296 298 1150 2323
76 619
77 371
78 457 2367 2368
79 511 760 1332 1816 2382
80 51 633 634 1067 1166 1168 1567 1570
81 4 26 45 71 144 172 180 183 305 368 373 382 482 487 519 570 586 587 594 739 809 838 1241 1317 1356 1360 1514 1575 1629 1902 2094 2126 2232 2366 2384 2394 2395
82 499
83 69 237 239 487 715 729 801 2266
84 2240
85 163 185 389 458 597 775 794 1307 1371 1871 1873 2363
86 544 718
87 343 1278 1499 1941
88 444 1459
89 78 80 87 89 239 285 358 419 444 462 481 620 843 962 1096 1271 1319 1476 1592 1802 1843 2303 2435
90 678 2454
91 176 182 526 587 1107 1209 1420
92 525 591 665 798 1609 1612 1684
93 13 197 635 1128 1630 1738 2178
95 149 194 203 216 300 301 305 308 485 1432 1433
96 540 1905 2263
97 1387 1802
98 1186 2364
99 176
100 178 299 403 596 601 1897
101 221 2484
102 10 69 108 184 389 474 496 521 550 662 716 775 779 794 804 1032 1033 1064 1087 1106 1185 1244 1246 1575 1968 2130
103 805
104 1683 1940 2078
106 477
108 568 1153 2134 2233
109 107 288 311 538 677 1047 1219 1752 2029
111 224
112 84 843 1910
113 108 233 393 608
115 193 216
116 391 1087
117 13 285 1057 1058 2019
118 57 487
119 1406
120 398
121 171 203 262
122 37 253 283 295 640
123 353 487 493 576
124 160 171 186 187 335 344 368 465 529 760 776 1050 1110 1212 1396 1426 1443 1720 1882 1920 2088 2314 2534 2564
125 311 316 317 318 759 803 870 1567 1637
126 69 169 954 955
127 35 287 774 2590
128 493 1179 2084 2303
129 964 1210 2514 2595
130 623 942 1727 2059 2450
131 531 656 2597
132 185 1205
133 223 487 1749
135 1521
136 163 185 193 197 214 216 448 455 458 459 485 512 597 628 629 631 635 643 644 652 665 674 776 813 814 860 873 914 915 1060 1147 1191 1541 1597 1609 1612 1613 1614 1615 1703 1813 2174 2246 2313 2605 2606
137 360
138 171 199 214 220 631 1212 1298 1307 1308 1309 2281 2345
139 233
140 2326
141 863
142 204 481 500 806
143 395
144 234 466 1095 2618
145 233 234 241 319 365 466 531 623 965 2461
146 140 225 843 935 1091 1485 1760 1761 1849 2410 2531 2625 2626
147 396 1937
148 1496 2204
149 10 28 317 332 351 381 444 465 477 505 520 521 554 555 698 733 800 872 944 946 958 1374 1375 1963 2038 2078 2180 2477 2627
150 349 756 1012 1067 1242 1287 2539 2630
151 234 740 1399 2343
152 2637
153 824 1064 1206
154 154 210 2653
155 332 368 418 1977
156 176 214 628 633 647 1833
159 366
160 234 353 487 1027 1339 1760 2666
161 51
163 653 1688 1691 2062 2192
164 69 181 334 466 561 826 1083 1345 1504 1676 2443 2688
165 2332
166 517 538 613 1613
168 2 13 44 107 149 150 153 182 185 245 248 271 282 288 454 458 459 460 512 597 635 651 1052 1059 1061 1288 1553 1703 1902 2271 2314 2570
169 2055
170 538 582 2145
172 88 325 609
173 231 290
174 371
175 328 521 1206 2091 2276 2473 2483
176 1688
177 734 1339 1384 2258 2607
178 299 485 655 996 1182 1626 1688 2722
179 500 1599 1812 2478
180 239
181 197 474 527 587 1912 2726
182 151 246 1125 1307 1309 1472
183 3 4 5 451 452 1288 1617
184 223 2266
185 463 2453
186 152 194 217 264 2159 2281 2612
187 115 120 724 1944 2177
188 178 185 203 399 460 615 843 952 960 1148 1151 1581 2485 2605
189 469
190 353 486 965 969 1114 1136 1545 2748
191 399 1962
192 12 156 157 158 159 160 198 221 344 485 655 666 765 774 777 1720
193 4 240 1446 1893
194 395
195 15 454 596 601 919 2228
197 505 536 598 2057 2261
198 15 16 176 197 344
199 180 196 279 300 306 307 459 512 597 1192 1541 1591 1703 1862 1863
200 519 590 2772
201 86 364 469 1136 1760 1761 1937 1938 2365
202 45 179 200 527 666 1013 2374
203 365
204 40 1434 1440
205 349 389 458 521 756 1131 1224 1373 1376 1436 2054 2539 2784
206 89 109
207 4 5 39 45 46 311 318 664 1288 1524
208 7 98 593 596 598 601 751 875 965 2019
209 845
210 196 300 1215 1769 1964
211 371
212 249 1787 2033
213 237
214 223 353 1161 1771 1858
216 11 369 371 550 746 792
217 13 313 454 2228
220 54 185 197 290 295 597 1308 1309 1312 1360
221 353 719 969
222 72 620 2245
223 109 185 500 502 537 538 550 577 598 793 1091 1413 1666 1775 2533
224 223
225 185 597 2604
227 169 581 921 922 1530
228 199 648 649 1458
232 361 599 600 826
233 291 643 1307 1309 2370 2535
234 736 835 962 1045 1445 1485
235 2470
236 1309
238 353
239 308 335 344 774 856 999 1215 1306 1406 1439 1561 1654 2530 2637 2718
240 386 487 742
241 4 35 232 238 487 749 1231 1474 1762
242 331 1803
243 408 485 2679
244 948 2843
245 285 500 535 1760 2452
246 2 505 536 846 863 1165 1905 2569
247 231 594 871 1165 2453
248 1917 2022 2507
250 144 184 465 751 773 796 1031 1542 1728
251 1905 2860
253 1947
254 84 85 89 285 301 941 1084 1126 1384 1620 1647 1819 1903
255 481
256 177 242 319 322 330 464 595 689 806 1394 1924 2005 2063 2373 2420 2422
257 15 760 1332 2046 2281 2313 2345
258 1485 2062 2129
259 1514
260 451 457 477 492 852 1057 1109 1139 2271 2571
261 84 93 2354
263 608 1751
265 108 188 231 242 466 479 698 734 795 804 858 1624 1729 2594
267 4 35 38 935 1067 1091 1504 1923 2374
268 171
269 153 274 302 1191 1302 1364 1541 1558 1882 1920
270 13 179 183 185 232 290 319 365 371 500 810 1356 1446 1616
271 148 194
273 745 953
274 169 337 339 537 550 579 672 748 863 883 906 936 938 955 1039 1110 1113 1156 1201 1250 1255 1284 1316 1517 1639 1757 1789 2014 2016 2038 2060 2098 2109 2178 2340 2379 2443 2472 2893
276 565 568 1188 2632 2716
277 2166
278 393 520 1188
279 123
280 588 1454
281 228 536
283 370 461 1091 1713 2456 2771
285 1360
286 633 634 2279
287 843 2300 2799
288 935
289 17 94 108 171 186 187 195 197 203 217 259 264 267 272 278 448 466 606 631 644 1043 1054 1149 1182 1198 1323 1431 1542 1558 1833 1849 1862 1864 2240 2241 2276 2552 2553 2598 2744 2850
291 353 587 1063
293 18 264 272
294 141 228 233 332 371
295 361 487 654 1808
298 394 477 766
299 178 238 353 2617
300 234 345 745 854 957 1181 1509
301 28 86 146 234 365 370 623 965 1647 1704 2123 2134 2293
302 544
303 537 1164 2143
304 360 2831
305 620
307 182
308 39 212 295 368 519 590 920 1055 1107 1116 1209 1307 1309 1395
310 1 40 41 58 202 487 708 801 1319 1580 1734 1849 1923
311 623 965 1953
312 457
313 123 135 371 398 505 536 540 604 605 1840 2425 2567 2691
315 40 44 331 764 1600
316 4 2111 2408
317 391 716 734 804 1180 1936 1993 2517 2716
318 349 564 667 756
319 581
320 353 718 745 1512 1534
321 594 2047
322 550 678 679 726 962 1186 1648
323 1514 1734
324 1774
325 240 348 372 962
327 180 457 903 2119
328 182 474 845 1394 2560
329 1489 2453
330 1003 1005 1754
331 109 444 581 1672 2228
333 518
334 2262
335 42 45 330
336 522 1199
337 228 846
338 44 325 331 526 642 1189 1197 1198 2848
339 237
340 324 1321 2572
342 499 580 871 1547 2353
343 17 61 228 368 408 466 505 536 957 1110 1111 1122 1158 1459 1802 2067 2115 2140 2512 2932
344 148 183 189 663
346 353
347 33 177 181 196 232 287 290 522 647 774 1307 1309 1356 1792
349 1107
350 1893
351 1091 1401
353 4 486 1354 2856
354 353 810
355 12 151 154 161 172 180 221 282 301 457 655 765 774 777 815 952 1052 1059 1232 1322 1627 1756 1932 1934 2053 2200 2792 2865
356 231 232 316 1203 2251 2712
357 40 253 283
358 97 144 233 241 403 404 461 465 662 894 1704 2015
359 505 536 1062 1477
360 802
361 20 25 185 510 653 1090 1238 1294 1777 1807 2035 2270 2367 2826
362 58 203 2679
363 288 296 918 1629 1666 1826 2795
365 10 11 163 166 167 180 196 292 300 301 306 307 446 465 482 483 485 521 594 607 655 673 757 774 776 777 838 860 1107 1190 1236 1297 1302 1303 1697 1728 1800 1844 1881 2344 2430
366 132 2651
367 13 223 368 371 380 466 481 538 605 675 805 1279 1951
368 879
369 338 445 531 710 1715 2015 2872
370 59 519 2895
371 220 344 450 509 594 607 744 745 1307 1452 1453 1507 2278
373 591 817 1765
375 403 1699 1779 1780 1781
376 1313
378 228 754
379 311 316 317 318 739 837
380 230 564 704 1206 1588 1834 1860 2941
381 142 227 403 977 1137
382 152 168 183 185 325 519 593 602 607 659 781 998 1572 1989 2093
383 80 97 142 169 231 238 242 428 472 487 917 977 1445 2117
384 15 176 195 197 628 629 635 1322
385 1740
386 91
387 1214 2123
388 980
389 2356
390 310
391 809 1562
393 69 316 1615 1622 1623 1822 2459 2541 2850 2894
394 243 245 251 256 269 306 307 1052 1059
395 2126
396 1035
397 1008
398 1307 2082 2434
399 444 500 536 1128 1630 2438 2556
400 1765
401 515 517
403 182 1541
404 321 332 355 369 635 746 2182 2490
405 1432 1443 1975
406 14 285 288 457
408 369 746
409 348 353 622 2683
410 9 92 180 182 193 196 199 209 212 216 219 220 264 270 272 281 300 485 635 677 1037 1190 1191 1195 1541 1862 1863 2072 2103 2104 2218 2219 2770
411 352 809 1578 1579
412 69 110 228 232 239 372 393 564 570 835 892 1083 1219 1399 1514 2290
413 871 1744
414 31 32 180 196 418 419 464 475 627 801 932 952 1052 1059 1143 1148 1326 1364 1451 1600 2309 2527 2731
415 26 1253
416 247
417 369 746
418 1206
419 200 481
421 395
422 386 507 1107 1300 1542 1592 1652 1730 1776 1777 1912 2102
424 935
425 85 1144 1206 2818
426 17 150 228 232 289 290 332 354 366 408 444 456 500 514 541 603 660 748 914 915 1022 1122 1128 1356 1433 1476 1632 2134 2389 2582 2963
427 1517
428 915
429 285
430 353 721 983 1229 1510 1921 2365
432 2443
433 107 125 288 614 862 1048 1760 1761 2120 2531
434 193 196 216 300 301 734 774 871 913 1066 1070 1107 1595 1875 2223 2475 2711 2928 2966
435 353
436 153 199 246 247 512 1052 1059 1191 1195 1472 1703 1864 1882 1920
438 117 145 391 693 734 856 972 1524 1737 2069 2096 2525
439 353 371
440 131 228 468 1556 1624
441 619 1282
442 418 432
443 489 1026
444 398 537 942 943 1910 2027 2544
446 55 308 1131 2161 2810
447 136 181 239 414 522 540 615 675 684 745 792 793 892 917 952 1143 1148 1244 1245 1647 1704 1998 2426 2540 2584 2930
448 194 483 776 1002 2467
449 461
451 395 843
453 2628
454 464 860 894
455 99 577 935 1011
456 463 854 2696
457 674 891
458 8
459 654 2094 2520 2590
460 183 200 646 744 1975
461 80 1399
462 353 2460
465 2019 2553
468 47
470 1136
471 829
472 224 400 541 724 843 1496 2531 2953
473 68 196 301 349 751 756 2425
474 445
475 40 41 473
476 47 54 623 1115 1143 1148
477 144 168 184 231 240 242 321 365 465 554 662 1342 1572 1587 1945
480 169 947 1362 1496 2029 2550 2551
481 917 1407
482 117 693 1219 1527 2036 2092 2147
483 832 1512
484 33 44 185 193 199 207 209 212 215 287 647 794 1069 1434 1440 1924
485 353 569 661 1122 1604 1860 2134 2728 2764 2768
486 2192
487 177 295 485
488 1625 1706
489 93 334 461 624 1676 1966 2840
490 234 372 965 1488 1489
491 692 829 1149 2375
492 759
493 108 185 522 804 824 858 1570
495 77 1705
496 2234
497 819
498 86 117 470 582 693 727 745 960 968 1214
499 28 97 239 1772
500 114 391 734 736 1737
501 228 332 499 586 1424 2574
502 165 185 227 381 396 397 413 418 419 550 635 663 872 989 1520 1615 1898 2072 2209 2270 2724
503 734 804 1244
504 178 179 228 242 290 332 1356
507 69 97 285 740 1339 1531 1532 1841 2002 2013
508 1949 2215
509 70 72 80 84 99 225 320 395 400 403 404 429 432 493 618 619 620 675 676 681 682 684 685 686 687 712 735 736 901 907 961 973 974 980 1034 1041 1075 1096 1104 1133 1152 1153 1173 1251 1283 1351 1372 1411 1447 1482 1484 1485 1666 1669 1774 1847 1917 1931 1949 2144 2179 2188 2189 2198 2215 2264 2325 2383 2393 2401 2435 2492 2507 2540 2581 2583 2678 2686 2767 2857 2881 2887 2925 2976
510 69 239 486
511 1909
512 1339
513 1545 1959
514 281
515 1484
516 1476
517 68 1343
518 61 114 399 618 619 740 742 843 957 958 1158 1386 1407 1676 1704
519 138 141 395 481 970 1937 1938 2652
520 353 372 564 1399
521 89 408 2158 2619
522 418 419
523 80 1802
524 365 370 371 398 707 742 976 1318 1837 1840 2267
525 4 311 519 528 593
526 2607
527 371 2149
528 839
531 581 2502
532 127 225 1132
533 487 1771
534 989 1629
535 371 472 2872
536 487
537 935 1091
538 194 1407
539 97 605
540 40 46 54 160 174 175 287 305 317 328 474 483 528 639 655 806 847 1063 1107 1166 1198 1561 1924 2471
541 353
542 491 579 903 1286
543 664 801 1347
544 792
545 10 111 114 169 227 380 388 410 479 581 594 700 734 1556 1894 2479 2727
546 133 403 623
547 233 445 854 1339 1407
548 31 32 720 801 810
549 286 967 1325
552 1429 2961
554 2 4 129 140 805 809 1339 2239
555 570
556 169 602 704 1345
557 820 1396 1504
558 395 1672
559 395 405 406 1927
560 353 1013 1110 1111 1537
561 180 305 368 1797
563 1600
564 1108 1109 1214
565 871 2975
566 665 1612
567 2523
568 353 371 395 403 489 1270 1352
569 178 196 302 304 510 1002 1359 1456 1585 1586 1997 2087
570 577
571 537 746 1210
573 4 805 1451
574 1202 1288 2135 2451
576 318 341 1738 2277
578 228 239 654 1114 1545 1749 2003 2266 2688 2809
580 69 353 481 944 2719
581 8 94 95 1744
582 13 197 635
583 47 335
584 28 369 734 2686
585 437 573 1477 1564 2334 2335 2369 2397
586 368 477 1510 2669
589 151
590 1673 1812
591 164 1438
592 534 935 1091 1739
593 457 622 656 1067 1270 1275
594 136 896 1339 2563
595 19 20 445 535 1102 1551 2609 2901 2980
596 577 1140 1425
601 1534
602 1176
603 97 463 2338 2818
604 1815
605 477 869 963 1072 1319 1432 2303 2639
606 68 395 481 487 1010 1521 1857 2934
607 47 149 210 274 473 474 910 1759
608 169 181 319 322 561 969 1573
609 814 934 1723
611 2 70 618 619 843 910 1043 1083 1250 1787 2033
612 2617
613 65 66 1058 1347
614 1074
615 403 404
617 169 582 2184
618 2393
619 1549
620 92 1062
621 234 965 2839
624 0 26 31 181 319 664 719 801 819 1598 1820 2967
625 615 1529 2412 2605 2912
626 790 1215 1983
627 16
628 92 234 537 581
629 466 2019
630 4 13 1071 1406
631 445 843 1157 1359 1965 2022 2123
632 906 2010
633 759
634 109 620 623 1338 2130 2856
635 343
636 257 270 272 357 389 2296 2314 2443
637 86 96 1674
639 161 587
640 43 274 328 1117 1542 2418
642 718 871 2038 2079
643 14 171 187 2622 2623
644 174 175 203 1163
645 878 1524 2779 2923
646 321 351 444 544 556 557 776 800 841 1254 1382 2083
648 353 487
649 395 481
650 2 2906
651 169 1714
653 402 510 538 613 614 615 960 2070 2293 2462
654 117 299 577 659 668 952 960 998 1148 1151 1327 1421 1581 1585 1613 1998 2020 2399 2575 2926
655 804
656 353 867
657 83 112 120 391 399 423 795 1893 1960 2177 2675 2685
659 355 371 472 483 1318 1530 1747 2900
661 51 228 239 272 332 408 859 1339 1594 1600 2471
662 47
664 6 86 108 114 138 920 1031 1276 1520
665 7 177 458 598 603 635 673 706 811 950 1062 1147 1169 1567 1699 2205 2280 2408
668 1375 1514 2726
669 586
670 135 140 834 1384 2594
671 935 1091
673 47 344 456 806 1070 1169 1583 1833
676 141 418 419 485 810 850 1616
677 1527 1839
679 155 353 386 457 564 1767 1768 2554
680 1027
681 840 2458
682 690 855 1636
684 13 231 232 242 472 586 1300 1356
685 2853
686 2062
687 481 2112
688 614 665 1182 1612 2240 2241
689 393 2134
690 472 486
691 2889
692 877 878 879
693 718 725
695 176 544 814 1102 1542 1575 1753 2141 2142 2379 2389 2517 2978
696 629
698 87 2893
701 364 1451
702 175 180 203 301 302 303 304 368 2240 2241 2287
703 1672 2085
705 2155
706 96 116 239 365 370 965 1318 1911
707 89 93 285 1251 1252
709 2139
710 1206 1399
711 4
713 353 466 745
714 1609
715 74 350 390 1482 1827 1894
716 33 59 151 287
717 91 706 2183
718 394 711 1103 1304 1341 1353 1986 2809 2942
719 51 940
720 211
722 2173
724 586 614 860 873 1327 1741
725 834 1645 1826
727 232 290 1356
728 734 2327
729 26
730 65 66 1620
732 992 1181
733 503
734 1913
735 233 334 353 395 1445
736 174 175 594
737 343 766 2666
738 26 89 93 97 461
739 340 341
740 510 1771
741 891
742 228 487 1694
743 28 84 461 917 1603 2776
744 196 204 212 300 301 308 483 643 644 794 1193 1417 1469 1682 1862 1912 2240 2241 2254 2911
745 54 60 466 472 538 952 2307 2438 2457 2556 2725 2867
746 1911
748 371
749 97 348 481 812 1139 1223 1358 2130 2373 2665
753 744
754 232 238 505 536 605 1165 2063
755 713
756 359 594 598 837 1289 1749
757 1264
758 1360
759 78 1774
760 364 850
761 1149 1834
762 69 114 353 369 623 746 2123
763 35 347 356 2645
764 69 169 232 290 687 855 1356 1624
765 540
766 1625
768 487 1206
769 33 185 287 460 466
770 677
771 487 1510 2003
772 1342
773 1204 2249 2967
774 58 509 879 880
775 180 301 841
776 89 1334
777 698 1818 2567
778 167 1562
779 1262 1263
780 369 746 1136 1715
781 4 5 37 200 326 445 452 473 534 1313 1467 1611 2373
783 2067
784 353
787 985 1980 2638 2660
788 13
789 69 1083 1399
790 345 450 836 1027 1424 1739 2095
791 531
792 2442
794 510
795 345 749
796 141 1382
797 80 88 619
798 4 31 231 330 805 1116 2309
799 234 235 945
800 372 487 1510
801 104 1335
803 383
806 39 805
807 569 622 1484 1949
808 331 349 756 865 1436 1437 1654 2530 2988
809 233 241
810 4 179 182 183 200 219 308 483 519 587 1107 1313 1416 1610 1611 1668 1796 1923
811 521 1131 1572
812 849
813 353 894
814 1614
815 233 239 2402
817 12 15 163 176 482 745 776 885 1107 1309 1389 1397 1398 1844 1881 2430
819 353
820 1442 2076 2100
821 169 718 888 1489
822 108 698 769 2066 2416
824 537 592 680
825 843
826 169 1325
829 353
830 181 469 486 854 2134 2184
831 96 285 365 1342 1777 2799 2841
832 418 419 948 1203
833 805
835 189 509 880 1140 1294 1488 1512 2151
836 87 231
837 535
839 463 1514
841 132 208 298 482 483 587 1107 1108 1200 1303 1320 1862 2307 2430 2433 2485 2880 2915
842 429
843 414
844 717 1599
845 93 520 2919 2921
846 0 1 104 500 502 728 1399 1467 1775 1985 2014
848 1666
849 1598
851 93 97 493 2002 2013
852 239
853 306
854 19 537 1568 1950 2206 2356 2397 2611
855 1075 2847
856 382 934 1130 1305 1353 1418 1764 1897 2099
857 40 132 197 287
858 2093
859 502 519 1063
860 472 623
861 369 718
862 1538
863 2876 2889
865 781
866 1648
868 622 2130
869 85 395 740 742 854
870 635
871 84 104 178 305
874 57 1117 2278
875 49
876 1424 2960
878 108 285 332 544 942 943
879 311 1622 1623 2320 2459
881 80 370 854 965
883 1118 1290
884 68 935 1802 1819 2308 2522 2843 2950
887 213 1063 1306
888 487 826 1525 2266
891 620
892 4 2516
893 1708
894 1487
895 1399 1490 2402
896 1352 1460
898 581 782
900 1028 1112 2719
902 85
903 1492
905 412
907 13 69 92 165 183 319 521 538 594 864 893 898 917 1342 1489 1649 1843 1898 2309 2819
908 2293 2858
909 445
910 476
911 198 622 1846
912 1149
913 185
914 17 232 290 1131 1356 1699 2013
915 1307
917 1500
918 198 311 318 534 801 1122 1220 1805
919 109
920 233
922 253 845
924 1181 2725 2873
926 353 386 1067
927 69 141 1490
930 4 176 319 486 521 538 656 660 1022 2682 2944
931 234 395
932 239 965
933 1302
934 455
935 860 1185
937 353 386 983 1644 1928 2143
939 2064 2074 2755 2756
940 590
941 537
943 1387 1571
944 114 116 531 532 812 2536 2654
945 151 197 454 1149 1622 1623 2228 2276 2459 2537
946 1332 1431
947 94 234 235 391 495 545 546 550 595 598 678 679 734 1112 1737 1910 2179 2364 2581
949 834 2787 2926
950 581
951 2502
952 78 128
953 594
954 1318
955 353 1713 1971
956 234 353 372
957 44 242 330 525 564 666 990 1081 1083 1109 1523 1550 2578
958 8 365 736 1134
959 2488
960 446
962 671 2789
963 2696
965 0 1 311 318 728 1122 1467
966 353 1339 1407
968 389
969 353
970 1549
972 180 999
974 30 68 358 371 463 466 496 714 718 745 1017 1027 1128 1324 1476 1500 1632 1851 1929
975 1 963 1403 1488
976 906 1962 2010 2154
977 1652
978 1313
982 369 941 2055
983 948
985 372 445 1067
986 654
987 321
988 381 396 397 872 965 1818
994 1751 2127
995 290 698 804 858
996 225 594 722 1040 1840
997 276 457
999 97 461
1000 486
1002 154 182 301 305 590 1288 2121
1003 2724
1004 1086
1005 170 965
1006 651 1431
1007 2093
1008 4 5 266 451 452 2360 2361
1009 418 419
1010 862 2555 2925
1011 2088 2394
1012 581
1013 2232
1015 707 864
1016 873 1609
1017 243 1052 1059
1018 566 567 1015 1918
1019 2777 2778
1021 80 1399 1445 2414 2614 2696
1022 1183
1023 614 615
1024 353
1025 92 402 736 871 1446 1749
1026 2004
1027 996 1980
1028 2423
1029 606
1031 1337 1909
1032 766
1035 2164
1036 370 481 1367 2713
1037 577 594 626 627 1119 1124 1467 2072 2309
1038 580 608 860 873
1039 1216
1040 65 66 97 423 707 843 2438
1041 665 1107 1338 1612
1043 371 745
1044 622
1045 865
1046 324 608
1049 13 114 635
1050 320 1385 2113 2784
1052 160 206 212 271 280 329 518 590 602 1303
1053 2478
1054 353 1287
1055 395 481 552 553 1936 2108 2428
1056 481 997
1057 389 2146 2964
1058 343 353 487
1060 11 321 383 445 736 1359
1061 166 167 757 771 1236 1792 1928 1935 2122
1062 1037
1063 334 618 619 1082 1676
1065 2418
1066 123 598
1067 169
1068 581 787 1314
1069 180 245 2184
1070 500 510
1071 879
1072 114 240 241 491 983 1355 1729 2220
1073 706
1074 218 395
1075 678 2297 2666
1076 487
1077 705
1078 624 1159 1399 1474 1949 2591 2931
1080 708 988
1081 1342
1084 673 781 1002 1772
1085 2553
1087 109 196 300 444 446 465 523 575 634 796 813 875 916 996 1181 1227 1302 1575 1584 1728 1890 2851
1088 1067 1289 1418
1089 377 986
1091 31 338 519 2249 2309
1093 180 196 303 305
1095 674
1096 36 1339
1097 935 1843
1099 615
1100 1097 1834
1101 2674
1102 395
1103 109 232 290 386 444 581 692 719 784 1110 1111 1264 1356 2038
1104 537 678 707 1134 1136
1105 440
1106 570
1107 505 521 1046 2381
1109 182 196 331
1112 510
1113 163 1710
1114 2134
1115 496
1116 1429 1430
1117 233 234 1158
1118 500 502
1119 445 487
1120 353 1694
1121 26 2720
1123 1062 2130 2261
1124 353 1199 2309
1126 2 65 461
1127 294
1128 1706
1129 69 1399
1130 151 529 530
1131 4 39 200 805 870 1394 1407 2151
1132 169 1527
1133 353
1134 98 479 711 750 758 790 945 1155 1575 2143 2616
1135 109 893 1366 1730 2008
1137 581 1132 1337 1641 1669 2696 2841
1138 1318
1139 71 169 290 887 1530 1825 2924
1140 969
1143 395
1145 876 935 1091
1147 189 365 2248
1148 303 457
1149 479
1150 353
1151 2525
1153 132 204 216 368 594 1912
1154 129
1155 1699
1156 945 1718 2441
1158 2217
1159 353 988 1028 2329
1160 2342
1161 319
1162 735 2349
1163 272
1164 866 1174 1374 1698 2775
1165 740 742
1166 624 625
1167 683 1897
1168 622
1169 89 93
1171 69 1083
1173 67 398 432
1174 1978
1175 62 463 586 946 1354
1176 2517 2871
1177 109 692
1178 472 1318 1403
1179 510
1180 1139 1959 2962
1181 444 499 2653
1185 477 486
1186 2 280 454 738 1247 1337
1189 2700 2877
1193 541 899
1196 17 214 629 641 2315 2674 2862
1197 343 444 824
1198 268
1199 458 459 596 597 601
1202 942 1384 1744 2540
1204 233 239
1206 2373
1207 285
1208 181 1921
1209 971 2123
1211 353
1212 233 241 363 1730 2021 2513
1213 667 1154
1214 272 623 673 1032 1033 1580 2318
1215 457
1216 346 1631 2629
1217 715 1285
1218 2232
1220 444 1107
1221 487
1222 232 234 2235
1225 140 844
1227 183 313 674 934 1181 1469
1228 366 1578 2067
1229 68 239 364 888
1230 365 540 708 1271 1358 1744
1231 80
1232 228 332
1233 198
1234 1000
1239 500 1501
1240 80 1206 2343
1241 1576
1244 2719
1245 183
1246 353
1248 402
1249 577
1251 581
1252 71 386
1255 352
1256 1159
1257 657
1258 89 234 235 239 316 317 330 370 519 543 659 668 803 859 965 998 1082 1290 1291 1489 1973 1982 2004 2209 2295 2309 2362
1260 2067
1261 660
1262 1633
1264 359 571
1265 108 391 698 804 1276
1266 1342
1267 319 353 606 607 1312
1268 2425
1269 233 239
1270 313 314 450 796 987 1206 1343 1355 1357 1979
1272 804
1273 694 2134
1274 1998
1275 1199
1276 365 732 871 1488
1277 181
1278 209 1863
1279 221 1054
1280 353 568 2290 2924
1281 231 305 306 307 500 639 1051 2232
1282 92 610
1283 47 176 531 532 1141 1559 1965 2204 2205
1286 1615
1287 1339
1288 233 353
1290 1954
1291 1319
1292 832 1512 2355 2442
1293 1033
1297 603 1128
1300 2820
1301 1431
1304 1946
1306 92 105 395 1945
1307 582 2117
1308 131
1309 942 943
1310 772
1314 577 874 1425 1585 2085 2086
1315 2120
1317 723
1318 239 285 481 487 532 718 810 983 1026 1360 1772
1320 744 745 964 2595
1321 751 1352
1322 331
1323 11
1324 353
1325 125 203 960 1421 2316 2317
1326 880
1327 181 1199 1813
1328 489 846 1408 1793
1329 843 1454 1455
1331 481 1448 1449
1332 652 834 1178 1399 1678 2293
1333 1635
1334 141
1336 115 120 1134 1219 1578 2093
1339 69 370 486
1340 1353
1343 285 670
1351 2218 2219
1352 869 1072
1355 515
1356 84 400 2547
1358 445
1360 1447
1361 43 176
1362 233 2027
1363 948
1364 311 318 370 371 1026
1366 674 908 909 1721
1367 348 2126 2214
1368 487 983
1370 5 182 200
1371 26
1374 353 812
1375 183 880 1220
1376 97
1377 353
1383 440 2647
1385 592 902 1144
1386 622
1387 320 2379
1388 592 900 902 907 2638
1389 138
1390 221 485 655 765 774 777
1391 2364 2650
1397 1841
1398 510
1399 740
1400 1399
1401 1652
1402 463
1404 1674
1406 186 577
1407 311 510 1327 1613 1741 1973 2042
1409 1290
1410 239 241 343
1411 1826
1412 370 2134
1414 48 632
1415 1755 2518
1416 85 129 234 444 537 603 623 834 1494 2696
1417 2134
1419 233 234 371 959
1420 1034
1421 169 334 359 466 736 1527 1749
1422 463 1206
1423 1136
1425 196
1427 2453 2696
1428 4
1429 580
1431 1905 2523
1434 26 339
1435 4 58 194 656
1437 39 183 659 1238 1752 1898
1439 97 461 2776 2933
1440 941
1441 1210 1477 1503 2516
1443 97 395
1444 951
1445 4 141 234 316 355 371 396 397 486 500 519 805 1047 1122 1181 1189 1514
1446 948 1599 2108
1448 1140 1314 1536
1451 125 1884 2435 2675
1453 2294
1456 856
1457 234
1459 169 1713
1460 746 854 965 983
1462 860
1463 152 509 510 656
1464 107 2972 2992
1465 6 164 199 219 344 1125 1700 1813
1467 169 582
1469 1045 1336
1470 233 423 1159
1471 71
1472 568
1474 85
1480 2286 2635
1481 466 991 1062
1482 4 716 1468 1756
1487 2134
1488 1046
1489 2615
1490 2566
1492 481
1493 289 2400
1494 84
1495 398
1497 423 1369
1498 372
