12173318 21
8074487 28
9883162 34
19677447 78
10238234 91
14527096 105
25800075 118
2390613 127
47742800 129
17499877 135
7434248 142
48561964 188
10442493 202
4677453 205
3411508 211
8415414 218
2831957 230
28575763 233
49430441 240
12109824 257
3733393 269
4529441 282
4751236 287
27290147 297
14290949 302
9898749 313
39964628 330
49547209 364
38058048 377
2913880 381
33872060 390
5687186 392
49806748 406
20524000 409
15297230 422
37437103 433
46967106 549
49622289 560
11092087 571
2957754 579
11576929 585
49833688 587
42101195 608
2327961 609
4838552 621
48938079 634
3586593 644
9905531 658
2603223 664
48881492 679
31592446 708
34243484 713
2057125 770
40505193 779
34938353 805
8648939 810
11148411 813
49562786 816
46632462 820
34744468 829
37725277 836
48798126 841
47291046 851
29853805 867
31858807 899
14937746 911
6979525 946
48170799 953
9338223 954
2008052 987
7227458 1007
2787461 1011
18046307 1035
13763686 1056
4984971 1063
7536755 1090
7925466 1115
38979243 1140
2589848 1165
49514984 1185
49731042 1215
3853883 1219
48485899 1240
38424388 1268
36619031 1272
11019349 1274
3804353 1293
7221204 1306
29623901 1312
11555901 1314
2648746 1371
19478364 1374
3053025 1378
10887831 1395
31352518 1410
42803107 1417
21096947 1455
9509918 1463
47038800 1470
7008575 1476
9077608 1484
3397013 1499
48479495 1524
28274700 1525
6233904 1542
3756985 1554
18799361 1571
38994149 1574
5835405 1580
23439531 1594
11559496 1601
15378263 1620
49353833 1641
36342170 1642
45140222 1644
23726161 1661
5046768 1680
13797218 1708
24835155 1709
2963767 1725
5780514 1729
32700276 1743
48502689 1759
48597002 1762
7565000 1790
5043707 1808
3171194 1813
49395559 1850
4425253 1877
6502943 1878
20620226 1904
49739732 1905
8207648 1911
5475961 1916
21546018 1919
21922905 1935
14406418 1937
33277621 1952
40784708 1955
27949520 1958
36574978 1972
5130574 1981
20802593 2015
47468037 2025
25730899 2030
3530107 2031
8302875 2067
40438019 2075
11700256 2082
27970683 2098
30812928 2103
4808645 2118
38966683 2138
22626563 2201
48372095 2208
36984290 2227
15410738 2254
7191167 2256
8450721 2261
42360423 2298
22763629 2300
28817721 2313
38268318 2316
10480495 2337
2890210 2407
5378831 2426
20153941 2441
45687125 2447
38544127 2450
13437052 2456
28759166 2523
41550023 2527
11392219 2535
48813986 2555
32477334 2565
28060412 2568
21453263 2584
7754488 2598
4070611 2634
7633569 2648
31847245 2658
8418456 2676
47108274 2699
39184539 2705
47489861 2735
14353083 2767
15439656 2788
50014659 2800
7709747 2819
30425032 2829
22316349 2854
21799859 2869
12224945 2870
6628271 2884
5787806 2885
11022676 2915
25253683 2928
21596979 2940
22618731 2964
4666421 3018
49733736 3020
34357605 3050
3898067 3082
49579028 3092
6150496 3120
2437084 3126
7235099 3145
11256179 3169
2168304 3209
46006313 3212
6362577 3228
8639605 3235
49795734 3273
34291789 3274
25451800 3299
2408409 3303
31951388 3308
40694409 3323
15195842 3333
38807977 3342
24759775 3349
47485152 3363
48353028 3364
4390586 3367
4425815 3369
8072218 3384
12369780 3400
48317555 3407
2201371 3417
7128023 3424
20141219 3477
15781407 3481
47308975 3483
41704591 3492
36432194 3514
30001579 3529
34925721 3532
2348952 3544
30077984 3548
49064868 3556
31665604 3580
7741004 3585
37732893 3628
49962222 3639
2937985 3656
3752449 3660
13417835 3666
48750704 3667
14320391 3675
24360103 3723
4146876 3734
29242541 3810
47887721 3813
29269849 3832
7299370 3858
31141765 3890
9004579 3926
30148108 3934
29506553 3937
12405827 3948
15261411 3949
46241592 4024
47938447 4078
49773880 4118
2075769 4168
18718920 4176
7927272 4192
11622919 4207
11369137 4208
48838453 4210
5409642 4211
35122196 4240
35600926 4263
49573003 4268
3326109 4283
31609999 4286
47813636 4291
9003141 4330
9908957 4351
33986489 4354
21419490 4371
32230140 4377
10949900 4400
46665432 4424
38622469 4452
6294182 4460
5103448 4470
5950515 4501
29209547 4502
10065924 4511
18363182 4521
40383134 4530
32510696 4532
29997723 4535
47224032 4540
5226856 4548
5535572 4572
48964676 4601
2658788 4612
2508412 4620
46924835 4645
48879756 4647
7230118 4654
10489795 4689
14527840 4694
2458439 4721
34931220 4730
7925372 4753
4432320 4757
25149672 4765
5161695 4772
6507694 4783
15011791 4828
40642793 4869
5825208 4932
48416679 4971
8164832 4974
9002188 4980
7030591 4981
38433321 4989
40878309 4992
41805594 4995
2582992 5014
47004218 5028
7637200 5034
33996186 5052
6419922 5056
14331708 5074
3794323 5080
5378934 5082
19398678 5097
35289129 5100
42330393 5105
27320097 5112
10728276 5122
6107272 5123
1049656 5134
39238982 5149
12889472 5167
2747528 5175
7965240 5189
49190681 5212
12426305 5218
5691261 5232
13624972 5265
15448000 5272
31140108 5276
4361519 5287
12411542 5291
38214264 5296
5509023 5344
19734547 5364
8028505 5367
24036371 5403
48271815 5416
42378133 5419
16919613 5447
20318799 5449
21530089 5452
28391731 5467
2528609 5493
26809480 5504
6850371 5521
36871252 5524
47565301 5555
3866210 5570
40380762 5577
9218849 5601
36482663 5610
8567595 5615
29782151 5617
49546852 5690
7549597 5702
49842643 5711
49269597 5712
5241447 5723
48698230 5728
49559328 5737
37756732 5742
15292462 5748
36493850 5762
10414493 5777
9525187 5784
3381381 5788
20548902 5789
21445414 5805
5479108 5826
48690109 5832
49404374 5836
7060075 5840
20695987 5852
49565232 5857
21546730 5872
48879862 5885
5082777 5886
47595669 5889
5448401 5940
30363995 5956
4701098 5990
7583397 6100
2875024 6106
38762877 6112
11997195 6151
12824229 6164
45293733 6177
46851007 6178
34863338 6183
9114711 6197
14368749 6211
47161838 6235
40928207 6242
21669203 6264
15251829 6272
10760023 6280
31680511 6327
6974080 6352
13876196 6353
7607188 6364
9967352 6394
10400804 6463
9056080 6478
48580921 6504
3378266 6509
26945490 6513
6575236 6520
20098258 6530
21678901 6559
12562650 6573
6188406 6630
42862528 6632
48802100 6642
47446496 6665
8140859 6673
28618295 6694
48756549 6707
17795976 6724
48016556 6771
19000696 6810
42155483 6821
11701038 6829
29339025 6832
40715011 6836
42241578 6837
5192085 6846
4287516 6865
1056506 6867
5426557 6883
3672381 6893
38005088 6898
6389349 6920
7921154 6964
49953821 6978
22628616 6983
25232808 6999
40361234 7010
36068555 7029
9317134 7034
35273473 7037
48495723 7040
7230606 7062
7991063 7068
14264255 7087
22561598 7119
12898096 7155
12219325 7160
8408641 7179
3558288 7193
8940104 7211
4756634 7235
39002709 7239
3249186 7257
38578368 7280
6314877 7282
8661289 7284
8847592 7302
49525658 7320
13108801 7331
49033589 7370
36986396 7371
20609852 7375
1047699 7384
13623185 7388
42784653 7442
10982697 7517
45854847 7524
49598163 7526
4243688 7559
33157217 7574
26679405 7585
3743890 7587
23854854 7619
17600751 7635
17007507 7638
5152733 7642
16321952 7672
6724748 7690
49659350 7706
31118455 7723
49920486 7761
49611926 7780
35963032 7784
30714659 7785
28144401 7794
6488763 7808
42293100 7836
48829950 7843
49086163 7864
49764557 7882
35512750 7895
21043470 7897
27931894 7901
33759056 7903
21374572 7920
5023065 7928
29657026 7940
2593514 7951
48560078 7972
2444080 7974
14718956 8003
48519842 8034
2185180 8036
48384646 8055
30114063 8068
9361911 8087
5058161 8095
4800823 8096
18139896 8114
41169262 8119
22296402 8127
8455950 8131
25316732 8140
10519075 8148
49228089 8171
4456893 8175
5318786 8178
19377004 8211
32662066 8213
47157059 8235
11435194 8257
39248766 8275
31422903 8337
8938393 8347
26406967 8348
9588261 8377
37219310 8426
30854699 8428
9365853 8430
47835127 8457
20771782 8466
7180619 8476
4380245 8487
49698860 8491
48355809 8512
7966460 8517
21210622 8525
18640747 8531
7718633 8544
35379579 8561
10248994 8562
46811153 8565
3327110 8575
9240692 8576
41100562 8591
3004766 8596
35249658 8604
49589889 8634
42191465 8666
9126067 8669
4515577 8673
41270012 8677
18267344 8695
32259241 8699
2330021 8715
10979172 8721
12667703 8735
11876106 8738
10917717 8739
16238661 8776
34751584 8783
24001286 8791
5132963 8795
18634042 8833
7984068 8845
2482474 8854
28807720 8892
3382501 8893
32491301 8907
27271724 8914
6253276 8918
38338282 8925
48502910 9013
12702359 9025
4845938 9032
19045107 9037
32465400 9058
8063682 9062
7242272 9093
39025808 9098
49436679 9118
49121391 9119
25280708 9130
14041982 9144
23134479 9148
2684371 9152
14150817 9158
37875168 9221
49445745 9226
2760384 9236
20407306 9268
7920118 9275
13728997 9302
17655470 9321
3426736 9335
49241756 9341
3754086 9354
42887711 9369
8429158 9388
4068175 9399
17394818 9401
41312187 9418
48917011 9431
16244783 9464
14474040 9474
7758024 9512
31498333 9517
10917851 9519
49616647 9525
10262817 9539
48295630 9548
25617539 9574
35517694 9608
12828966 9653
30417935 9688
7772818 9712
4451096 9733
45192186 9752
12430495 9769
31741475 9794
17817222 9805
7995327 9818
10128624 9826
4058582 9844
6539782 9867
3108227 9877
3063151 9889
47658795 9901
49646991 9923
33160113 9936
12076951 9956
2983300 9958
14216730 10001
3516329 10002
49535247 10008
4792251 10046
17385519 10070
2600145 10072
22263857 10076
48319548 10118
12211838 10141
20494965 10146
5876630 10149
7778310 10177
6900642 10193
18266662 10198
14531260 10204
41749559 10214
39446004 10230
38147000 10238
6072943 10268
3309704 10271
41807509 10293
17169756 10300
21615887 10303
30553458 10304
2529878 10354
33078925 10356
15696847 10358
7684406 10425
47826108 10449
48897434 10477
28682982 10518
6291008 10544
9496312 10570
2004595 10575
40821648 10576
29261239 10579
20653832 10582
49949026 10595
8684617 10619
30516947 10628
3712012 10647
16367737 10662
30345131 10663
6307870 10665
40222710 10698
34166434 10703
48707004 10711
40263297 10725
10299979 10730
19302621 10733
10211397 10737
45575112 10755
29126893 10759
19382651 10761
12089013 10769
15484745 10800
37919277 10809
10638073 10810
22880403 10852
5635090 10863
10491939 10870
23748929 10877
11260621 10899
39953415 10911
6965010 10912
49452102 10922
19148008 10926
24924060 10970
36192167 10971
30289605 10981
5913561 10986
32229205 11016
7353329 11024
3906718 11026
9902293 11039
11005551 11062
7306981 11064
49056877 11075
39914720 11080
5408244 11106
33108507 11111
23389760 11150
47406175 11162
48921789 11164
48629549 11181
46728214 11193
2141534 11196
47035344 11221
12344892 11240
22719635 11252
48182338 11271
11447977 11273
6781664 11329
12833636 11366
11309504 11375
39851962 11384
8136294 11398
33729950 11416
48252742 11419
17009893 11426
4893137 11467
2960961 11489
5199231 11492
6161701 11508
45491028 11531
37156106 11532
47762055 11540
47489678 11550
48647417 11551
11034612 11557
49300006 11582
14558810 11584
28806778 11603
7620853 11622
7568820 11635
41761050 11667
32872998 11684
48838599 11705
2447914 11707
19749799 11732
7877317 11734
36616492 11744
7474144 11757
9177460 11784
8465792 11792
41982611 11814
47363884 11827
5529546 11843
4978130 11897
49831625 11903
13753204 11914
8692905 11932
5317217 11975
38525870 11994
21801863 11999
4357408 12010
39249720 12011
10803306 12025
2718859 12043
13656159 12045
48315033 12083
6383684 12105
5407677 12109
2599631 12113
40791815 12127
12060568 12151
48318699 12153
13763781 12160
27908639 12186
27438640 12192
8793449 12196
28657562 12242
2109098 12245
49265586 12250
5725231 12276
48140915 12289
2417256 12307
16928361 12324
38445739 12328
47967948 12330
7219839 12333
48097736 12344
4502858 12388
29027634 12410
20428188 12415
47684846 12463
3507539 12469
49617690 12489
33438524 12525
26739005 12568
2654346 12575
29147164 12589
49160201 12610
36123989 12629
11867705 12657
39646761 12662
32956855 12665
23498674 12666
48394126 12698
2671428 12723
48576647 12733
27197276 12737
49522260 12742
26994510 12786
20158393 12787
12628299 12791
28968377 12793
47400694 12816
10984997 12824
20356595 12828
9723146 12895
12927946 12912
2047831 12933
16435795 12934
3165256 12949
9663639 12972
9209778 13005
2241250 13052
13677587 13065
20074814 13077
32709572 13096
31937236 13126
2724069 13135
9980748 13144
49535213 13155
5758218 13159
14674724 13160
49464300 13180
49122548 13206
48291999 13233
35117692 13238
34368000 13264
48556835 13285
6066282 13306
21827991 13354
48713934 13357
47370164 13386
6134485 13420
4856874 13469
27780938 13516
31130842 13525
13860933 13560
29562898 13581
32425122 13589
21825462 13596
32281251 13605
2585287 13618
37610800 13622
46258613 13624
11562731 13629
21891175 13642
46329124 13650
11132979 13658
7873013 13707
33610320 13732
12752026 13746
29282190 13751
40294856 13765
4294074 13786
48406665 13792
36032313 13814
49104347 13843
48864242 13858
29929066 13880
10941249 13901
26189692 13936
35690295 13945
47142505 13952
9600985 13964
4826758 13976
36375369 13980
6277530 13984
10087886 13991
27746240 13998
7674512 14031
3538727 14065
45367147 14070
37511027 14077
47819639 14120
47414449 14155
9451212 14186
10318870 14210
42810380 14214
49947804 14253
46706842 14255
50004383 14266
2446118 14274
48464950 14284
28480785 14285
48328452 14369
40581169 14373
5390944 14382
5840259 14388
4893861 14402
49679235 14421
4175289 14431
28674048 14436
48720297 14479
46182572 14505
42883357 14506
40747192 14519
33415817 14533
14129308 14536
7529032 14542
4902078 14555
35679119 14583
5772186 14602
47069590 14603
47834501 14610
2331200 14646
5480507 14660
8812159 14669
2375646 14716
48212700 14717
9999176 14738
49508930 14740
18721680 14763
45886531 14766
48771721 14769
14213130 14784
2345042 14791
10407870 14813
6830066 14839
40625518 14864
47719151 14874
49181088 14883
45303660 14892
46813759 14948
48040159 14951
48720725 14961
48486996 14973
10242748 14983
41898366 15001
14942041 15024
49484546 15025
25611958 15066
28540705 15068
33657262 15101
48343106 15107
13211467 15126
39447630 15144
4108440 15145
34864212 15148
31649436 15158
11161222 15161
49600760 15170
47271323 15202
42148975 15205
13454626 15207
39529198 15208
49726550 15226
15095163 15228
40315052 15275
6204601 15295
41888773 15303
48479176 15313
37433849 15318
5110507 15331
29346483 15355
14620724 15368
48354129 15389
17470180 15392
10727938 15403
49758056 15408
3589363 15416
34491070 15447
13272678 15452
4084559 15461
24776951 15489
5835310 15509
4910713 15517
9263286 15580
7923139 15582
46119318 15612
4005949 15615
26084772 15627
46799654 15641
6650024 15667
35312160 15680
49155271 15688
49043872 15692
40382315 15728
14662923 15745
9734250 15751
41827227 15752
19601168 15769
11615998 15807
38602983 15816
32612390 15817
4629502 15825
39297100 15828
35451819 15836
34833447 15837
38773315 15861
49427566 15867
15020053 15873
7343088 15887
40586932 15943
5434860 15948
48401033 15951
17600264 15961
10174225 15963
13898459 15968
6099403 15974
41981162 15989
19575390 15990
49643183 15994
19934180 16003
46689936 16015
24297462 16037
49688939 16063
2240548 16080
1016760 16086
5225059 16091
48869330 16097
12973176 16118
48834748 16124
23805686 16131
49962354 16150
21163096 16174
45463842 16193
48519344 16198
27611581 16224
43063785 16227
19377612 16248
22328179 16265
8498319 16274
49842445 16277
37234995 16292
49644852 16296
30875812 16306
49043009 16317
40230785 16336
7807102 16370
6097382 16371
49295719 16398
30345360 16411
34783906 16423
13551854 16457
19383352 16460
42539621 16481
37866747 16508
5705953 16511
3639227 16550
19517517 16610
15731682 16614
48923865 16653
16564117 16699
7292578 16706
21551162 16788
5662013 16792
49168992 16794
19402860 16804
49220243 16844
49951110 16860
11044097 16877
49656616 16882
2532597 16912
42316555 16938
9442142 16949
17681395 16965
31566895 16990
5441153 17042
49463279 17057
6490843 17097
18453221 17113
26851781 17124
40784140 17126
49066332 17140
41303616 17151
48485229 17156
8099056 17171
7999591 17179
49561209 17224
49758987 17261
29574155 17272
42626587 17285
11299759 17292
23574916 17297
10515224 17311
32502124 17312
37298553 17319
49623025 17321
7733019 17324
36620578 17325
26157518 17340
48351214 17343
9548720 17349
3936490 17371
4419338 17379
5360632 17399
20996315 17404
9830291 17426
47241751 17433
41574525 17446
11282824 17468
45240679 17563
48791474 17572
14063067 17598
30045350 17609
49548188 17642
47254142 17658
48699017 17691
2008475 17704
3053394 17747
49022892 17756
48399528 17758
31890976 17788
30207978 17799
39857474 17832
47900866 17919
8992325 17934
6202043 17935
9274670 17956
47601057 17962
2584141 17969
5855192 18002
6032439 18009
9639329 18028
46901227 18040
34842950 18041
5488476 18052
49580112 18053
42364837 18065
41705370 18069
18995312 18081
24839355 18085
47158209 18087
9715042 18092
49150266 18182
41326993 18194
40771233 18206
49762979 18213
19515996 18214
26988242 18215
34983920 18225
48580399 18247
49650243 18250
48892783 18282
27150005 18288
48702550 18296
10140298 18303
41653722 18306
33885777 18310
10929831 18344
41245466 18345
32872603 18396
26751450 18398
9026693 18435
49701414 18456
20052001 18459
30886214 18463
20134144 18504
9742341 18518
7430801 18527
39790781 18541
2005786 18607
46449874 18608
48830207 18611
48899413 18659
21897066 18675
14156239 18704
9192832 18718
18477591 18740
12967400 18743
38733836 18765
5336116 18783
16593615 18789
22347901 18792
13885809 18810
6399821 18824
30816405 18905
13623425 18911
36960817 18918
48519979 18939
35074766 18945
48421759 18955
49176086 18975
49572194 18990
48990987 18992
7593613 19005
23833548 19010
47556313 19034
47334217 19036
10525792 19053
10418767 19054
36335949 19065
46502736 19069
6261389 19071
38883245 19077
46050032 19084
48739390 19101
33755187 19106
19833476 19119
41453800 19121
6591738 19128
48469891 19144
49471543 19154
9942547 19185
28478179 19203
48106142 19209
47804995 19210
38530372 19225
9937697 19240
7268182 19243
4413121 19247
17607853 19249
49295780 19256
5459196 19268
23747889 19291
17958364 19294
14591690 19305
5976739 19307
5164111 19317
36881942 19321
48327698 19324
15687343 19335
48977438 19338
12841468 19386
48589113 19400
40438595 19417
48811793 19466
13590032 19469
7663298 19475
49798974 19478
36864085 19502
27097280 19505
47005149 19513
48883175 19542
27973737 19593
41728275 19600
3632033 19625
5458623 19640
49685669 19652
35109700 19658
45795134 19665
6864563 19686
7210939 19689
20467587 19728
48493728 19754
23038220 19759
4734073 19761
3696691 19794
34306000 19809
18700819 19818
8496515 19839
2571282 19841
20463187 19855
47252105 19857
32235267 19905
36465871 19922
47310929 19928
5289691 19963
14152122 20009
6048545 20018
25934458 20074
46171110 20082
49538709 20085
42700124 20121
48678788 20129
47630099 20147
49803883 20169
48149589 20177
7707627 20196
46812462 20202
48793658 20230
47026081 20239
10698065 20256
47862706 20257
3644245 20265
47659774 20285
5044142 20291
3514425 20302
27826642 20309
32727456 20328
20486176 20341
6114194 20351
41893640 20366
49076422 20429
36957337 20441
3388410 20455
39526987 20459
32812972 20562
2823483 20573
47411632 20582
22522325 20591
38571765 20612
32833302 20625
48243424 20633
26609791 20681
24353331 20693
30818131 20701
47590706 20720
45267947 20723
6178757 20727
25356953 20736
49553334 20745
12316650 20771
11625285 20779
8975535 20786
48948646 20795
39470667 20796
7164928 20813
48306789 20832
36475879 20860
8077006 20863
36237845 20872
47797132 20889
9219074 20890
48485372 20905
48989919 20936
1009181 20937
42911272 20957
35261055 20967
5515764 20980
12064906 20996
12364805 21008
48336061 21080
26624918 21102
28235129 21110
2781782 21111
46826863 21127
32378678 21136
7107440 21144
32756999 21153
9414188 21195
48637450 21224
30092823 21225
7977875 21243
47689758 21246
48467476 21255
37667988 21269
8886299 21273
2005162 21295
47548591 21300
48758197 21301
11272724 21302
47761070 21306
49749575 21308
36542055 21340
31898567 21354
48109792 21385
47479847 21386
49228378 21416
27533869 21418
37541010 21424
32461099 21459
40003648 21466
48951815 21475
6708343 21480
39378660 21565
48495618 21591
42233835 21595
35405787 21628
28122593 21631
47923735 21638
49597588 21669
49727289 21691
49274659 21713
30987762 21723
49832029 21737
33983410 21748
32670981 21788
49774022 21791
47101904 21810
46743249 21816
45609522 21817
48272586 21917
48399087 21920
4501351 21925
11358493 21929
39895108 21941
32019291 21978
37053648 21998
48152378 22038
48674727 22062
2948966 22073
9143446 22074
40364447 22113
48276911 22156
49932394 22176
48718990 22189
30557292 22283
19289154 22319
39699413 22372
49534837 22374
43022365 22385
39438601 22389
6195717 22392
32195748 22397
5469936 22404
36999185 22420
5392738 22432
18016381 22452
48009082 22468
48562321 22492
49187794 22493
26834423 22520
14123412 22521
47260356 22527
20582088 22528
25565380 22533
35570436 22563
49298898 22619
47110121 22628
47982959 22637
13962379 22654
49534580 22660
18280286 22663
47992168 22671
46166988 22707
26030567 22726
30696153 22731
30609929 22761
49863250 22764
7790716 22770
48230082 22776
49084879 22832
4875921 22869
49604959 22901
48535664 22902
48825490 22911
49546053 22928
46875373 22959
39501472 22971
7637339 22985
6662005 22992
9378408 22994
49073168 23001
33654215 23036
49519267 23066
20838462 23089
41419260 23091
47748807 23103
40913200 23111
13466890 23112
48215040 23123
49808614 23125
49361641 23126
48778873 23128
48893560 23132
17183761 23144
48088851 23158
23890657 23177
5797387 23189
24350085 23208
17814526 23219
49077024 23238
48522671 23247
30573259 23254
21248270 23277
49326442 23305
33776647 23307
46049478 23309
47618018 23323
21645440 23325
34742102 23339
11484679 23343
49148055 23354
40639331 23378
49000798 23380
48846566 23401
37752844 23403
31536381 23411
41785577 23422
41833512 23462
15292055 23470
47628896 23484
45989119 23487
36668165 23494
