org_id	remap_id
32	0
22	1
20	2
26	3
23	4
28	5
31	6
30	7
27	8
24	9
25	10
33	11
37	12
38	13
40	14
39	15
36	16
41	17
43	18
42	19
44	20
48	21
53	22
57	23
55	24
51	25
46	26
47	27
49	28
50	29
52	30
56	31
67	32
59	33
63	34
62	35
58	36
66	37
65	38
69	39
70	40
60	41
64	42
68	43
75	44
80	45
81	46
74	47
78	48
77	49
76	50
72	51
87	52
92	53
82	54
85	55
83	56
84	57
90	58
88	59
86	60
103	61
95	62
98	63
97	64
96	65
93	66
100	67
94	68
101	69
105	70
106	71
108	72
111	73
110	74
107	75
114	76
113	77
112	78
104	79
116	80
117	81
79	82
123	83
122	84
119	85
126	86
118	87
121	88
124	89
131	90
128	91
135	92
130	93
137	94
127	95
133	96
132	97
129	98
148	99
149	100
142	101
145	102
146	103
138	104
143	105
139	106
144	107
141	108
140	109
150	110
153	111
151	112
155	113
164	114
166	115
157	116
162	117
154	118
161	119
159	120
158	121
156	122
165	123
177	124
175	125
181	126
167	127
178	128
183	129
168	130
174	131
179	132
182	133
170	134
176	135
172	136
171	137
169	138
185	139
184	140
187	141
193	142
192	143
189	144
190	145
188	146
197	147
200	148
195	149
199	150
201	151
207	152
205	153
204	154
206	155
214	156
211	157
210	158
208	159
125	160
216	161
212	162
215	163
217	164
219	165
220	166
102	167
213	168
224	169
221	170
34	171
227	172
225	173
228	174
109	175
222	176
229	177
226	178
236	179
235	180
230	181
233	182
232	183
237	184
73	185
239	186
241	187
246	188
250	189
245	190
243	191
251	192
242	193
244	194
249	195
3	196
247	197
253	198
254	199
255	200
252	201
260	202
264	203
265	204
261	205
259	206
256	207
257	208
262	209
258	210
266	211
115	212
267	213
268	214
270	215
271	216
273	217
277	218
272	219
275	220
276	221
274	222
282	223
281	224
280	225
283	226
279	227
286	228
289	229
285	230
288	231
284	232
291	233
287	234
294	235
297	236
296	237
292	238
191	239
299	240
302	241
305	242
301	243
303	244
310	245
317	246
311	247
308	248
314	249
312	250
316	251
318	252
306	253
309	254
315	255
293	256
322	257
319	258
321	259
6	260
323	261
325	262
328	263
320	264
326	265
344	266
341	267
337	268
345	269
333	270
343	271
329	272
332	273
340	274
342	275
338	276
339	277
334	278
330	279
331	280
336	281
347	282
346	283
349	284
350	285
351	286
353	287
354	288
352	289
355	290
45	291
357	292
360	293
358	294
356	295
361	296
196	297
359	298
365	299
363	300
368	301
371	302
372	303
367	304
369	305
366	306
364	307
376	308
134	309
375	310
374	311
377	312
378	313
61	314
380	315
381	316
379	317
385	318
384	319
16	320
54	321
386	322
390	323
389	324
388	325
387	326
391	327
394	328
209	329
393	330
399	331
397	332
403	333
400	334
401	335
218	336
402	337
120	338
404	339
408	340
405	341
410	342
409	343
406	344
412	345
425	346
413	347
419	348
426	349
420	350
417	351
411	352
424	353
421	354
414	355
416	356
418	357
415	358
422	359
430	360
429	361
427	362
431	363
435	364
436	365
434	366
437	367
445	368
443	369
442	370
446	371
438	372
440	373
448	374
444	375
441	376
447	377
439	378
463	379
456	380
462	381
465	382
460	383
450	384
459	385
449	386
464	387
454	388
455	389
461	390
451	391
457	392
452	393
471	394
467	395
470	396
472	397
468	398
473	399
479	400
478	401
476	402
475	403
474	404
477	405
481	406
480	407
485	408
483	409
487	410
484	411
482	412
489	413
492	414
488	415
486	416
491	417
494	418
493	419
498	420
496	421
501	422
503	423
502	424
499	425
507	426
517	427
510	428
514	429
512	430
521	431
519	432
509	433
520	434
515	435
516	436
513	437
523	438
522	439
527	440
530	441
525	442
295	443
526	444
528	445
524	446
529	447
532	448
531	449
533	450
535	451
537	452
534	453
536	454
539	455
540	456
538	457
542	458
13	459
544	460
543	461
545	462
546	463
550	464
557	465
548	466
559	467
553	468
556	469
552	470
555	471
547	472
549	473
551	474
560	475
561	476
562	477
99	478
566	479
564	480
572	481
569	482
567	483
571	484
573	485
568	486
136	487
575	488
579	489
577	490
580	491
574	492
581	493
582	494
578	495
583	496
588	497
586	498
585	499
590	500
600	501
605	502
603	503
598	504
599	505
592	506
594	507
601	508
597	509
593	510
606	511
595	512
602	513
596	514
591	515
616	516
610	517
621	518
614	519
617	520
619	521
620	522
611	523
609	524
612	525
613	526
618	527
607	528
622	529
646	530
639	531
634	532
644	533
632	534
628	535
637	536
636	537
645	538
625	539
627	540
623	541
641	542
630	543
642	544
629	545
640	546
633	547
631	548
638	549
647	550
649	551
656	552
651	553
653	554
650	555
654	556
652	557
655	558
658	559
432	560
657	561
659	562
661	563
660	564
662	565
666	566
453	567
664	568
668	569
665	570
667	571
663	572
669	573
670	574
163	575
671	576
673	577
672	578
674	579
682	580
683	581
689	582
687	583
685	584
688	585
681	586
677	587
686	588
679	589
684	590
680	591
692	592
693	593
690	594
691	595
223	596
696	597
695	598
697	599
699	600
700	601
698	602
702	603
701	604
711	605
707	606
709	607
704	608
706	609
710	610
705	611
703	612
708	613
712	614
713	615
714	616
719	617
608	618
718	619
715	620
720	621
726	622
722	623
725	624
724	625
733	626
732	627
728	628
729	629
727	630
731	631
730	632
198	633
734	634
736	635
739	636
740	637
744	638
743	639
748	640
7	641
749	642
753	643
12	644
751	645
746	646
742	647
752	648
757	649
755	650
754	651
762	652
758	653
759	654
760	655
768	656
769	657
767	658
764	659
770	660
763	661
765	662
775	663
771	664
776	665
774	666
777	667
780	668
787	669
782	670
781	671
779	672
788	673
785	674
786	675
778	676
784	677
795	678
794	679
793	680
797	681
791	682
790	683
792	684
796	685
789	686
799	687
798	688
801	689
802	690
803	691
806	692
804	693
805	694
807	695
809	696
816	697
820	698
810	699
811	700
818	701
813	702
160	703
812	704
817	705
815	706
814	707
823	708
824	709
827	710
821	711
825	712
822	713
828	714
830	715
832	716
831	717
836	718
756	719
834	720
833	721
504	722
839	723
837	724
838	725
840	726
842	727
841	728
91	729
373	730
849	731
844	732
856	733
843	734
853	735
845	736
851	737
846	738
852	739
847	740
848	741
854	742
857	743
859	744
0	745
4	746
858	747
861	748
860	749
862	750
864	751
870	752
873	753
874	754
872	755
878	756
876	757
877	758
875	759
881	760
879	761
891	762
882	763
884	764
883	765
890	766
886	767
887	768
889	769
888	770
896	771
894	772
892	773
895	774
898	775
897	776
899	777
900	778
901	779
902	780
911	781
910	782
913	783
907	784
914	785
905	786
903	787
908	788
508	789
909	790
904	791
772	792
917	793
916	794
921	795
923	796
919	797
920	798
930	799
925	800
926	801
927	802
928	803
35	804
929	805
17	806
931	807
871	808
941	809
939	810
943	811
945	812
932	813
942	814
944	815
935	816
933	817
936	818
938	819
940	820
949	821
948	822
954	823
952	824
955	825
951	826
953	827
238	828
950	829
956	830
957	831
972	832
835	833
969	834
968	835
975	836
970	837
971	838
973	839
721	840
977	841
863	842
984	843
981	844
982	845
985	846
979	847
988	848
986	849
987	850
990	851
989	852
997	853
998	854
1000	855
1006	856
1007	857
1003	858
1008	859
1012	860
1014	861
1015	862
918	863
1019	864
1018	865
1020	866
1021	867
996	868
1023	869
395	870
808	871
1025	872
1034	873
1029	874
1027	875
1031	876
1032	877
1033	878
1030	879
1036	880
1042	881
1035	882
1044	883
1043	884
893	885
1040	886
1041	887
1038	888
1037	889
1045	890
1047	891
1048	892
1050	893
1051	894
1058	895
1055	896
1060	897
1056	898
1059	899
1054	900
1052	901
1061	902
1057	903
1063	904
1068	905
1066	906
1064	907
1070	908
1071	909
1069	910
1073	911
1074	912
1077	913
1076	914
1084	915
1082	916
1081	917
1079	918
1078	919
1085	920
1039	921
1086	922
1087	923
1090	924
1091	925
1088	926
1092	927
1097	928
1098	929
1096	930
1099	931
1106	932
1108	933
1107	934
300	935
1110	936
1111	937
1113	938
1114	939
1109	940
1115	941
1117	942
1116	943
505	944
1118	945
1123	946
1121	947
1122	948
1119	949
1128	950
1132	951
1131	952
1125	953
1127	954
1134	955
1130	956
1124	957
1126	958
1129	959
1136	960
1137	961
1139	962
1138	963
1143	964
1144	965
382	966
1142	967
1145	968
1151	969
1148	970
1149	971
1146	972
1150	973
1147	974
1152	975
1153	976
1154	977
1157	978
392	979
1161	980
1167	981
1163	982
1160	983
1165	984
1162	985
1158	986
1166	987
1016	988
1171	989
1170	990
1172	991
1168	992
1173	993
1174	994
231	995
1178	996
1176	997
1175	998
1177	999
1179	1000
541	1001
89	1002
1180	1003
1183	1004
1181	1005
1182	1006
1188	1007
1190	1008
761	1009
1193	1010
1194	1011
1192	1012
1195	1013
1196	1014
1197	1015
1199	1016
1198	1017
1201	1018
1206	1019
1202	1020
1204	1021
1208	1022
735	1023
1211	1024
1209	1025
1212	1026
1213	1027
1216	1028
1215	1029
1214	1030
1217	1031
1218	1032
1219	1033
1221	1034
362	1035
1222	1036
1223	1037
1227	1038
1225	1039
1226	1040
202	1041
1228	1042
1230	1043
1231	1044
1239	1045
1240	1046
1243	1047
1241	1048
1242	1049
1244	1050
1245	1051
263	1052
1246	1053
1247	1054
1251	1055
1248	1056
1254	1057
1256	1058
1252	1059
1257	1060
1258	1061
1259	1062
1260	1063
1263	1064
1261	1065
1262	1066
1265	1067
1266	1068
1200	1069
1267	1070
8	1071
15	1072
1272	1073
1268	1074
1273	1075
307	1076
1270	1077
10	1078
1274	1079
915	1080
1279	1081
1276	1082
1277	1083
1275	1084
1280	1085
1278	1086
1283	1087
1281	1088
1282	1089
906	1090
924	1091
1286	1092
1291	1093
1284	1094
1290	1095
1292	1096
947	1097
1288	1098
1285	1099
1220	1100
1293	1101
1294	1102
1093	1103
1295	1104
1297	1105
1298	1106
1301	1107
1300	1108
1302	1109
1303	1110
738	1111
1304	1112
589	1113
1312	1114
1313	1115
1311	1116
1309	1117
1315	1118
1317	1119
1314	1120
1318	1121
934	1122
1320	1123
1319	1124
14	1125
11	1126
1321	1127
1323	1128
1322	1129
398	1130
1324	1131
1325	1132
1326	1133
1327	1134
1330	1135
1331	1136
1332	1137
1249	1138
1334	1139
1337	1140
1339	1141
1335	1142
1338	1143
1336	1144
1341	1145
1342	1146
1022	1147
1351	1148
1348	1149
1347	1150
1350	1151
1345	1152
1349	1153
1352	1154
1353	1155
1357	1156
1361	1157
1358	1158
1355	1159
1359	1160
1364	1161
1365	1162
1369	1163
1370	1164
1374	1165
1375	1166
1368	1167
1333	1168
1372	1169
1373	1170
1383	1171
1377	1172
1382	1173
1379	1174
1378	1175
1381	1176
1388	1177
1385	1178
1389	1179
1384	1180
1387	1181
1253	1182
615	1183
1395	1184
1140	1185
1394	1186
1393	1187
1391	1188
1396	1189
1400	1190
1399	1191
1397	1192
1401	1193
469	1194
1403	1195
1103	1196
1404	1197
1406	1198
1405	1199
1407	1200
1408	1201
1234	1202
1224	1203
1414	1204
1409	1205
1410	1206
1413	1207
1411	1208
1412	1209
1418	1210
1415	1211
1417	1212
1419	1213
1316	1214
1420	1215
1422	1216
5	1217
1186	1218
1424	1219
1184	1220
1426	1221
1428	1222
1425	1223
1427	1224
1433	1225
1431	1226
1432	1227
1435	1228
1430	1229
1436	1230
826	1231
1437	1232
1439	1233
1443	1234
1441	1235
1440	1236
21	1237
1444	1238
147	1239
1442	1240
1446	1241
1445	1242
1447	1243
1448	1244
1451	1245
1449	1246
1344	1247
1450	1248
747	1249
1453	1250
1454	1251
348	1252
1455	1253
976	1254
269	1255
1457	1256
1459	1257
1458	1258
1461	1259
1462	1260
1463	1261
1464	1262
1465	1263
1185	1264
946	1265
1467	1266
1469	1267
433	1268
1468	1269
1470	1270
1471	1271
1472	1272
1473	1273
1475	1274
1476	1275
1026	1276
1479	1277
1484	1278
1483	1279
1486	1280
1485	1281
1480	1282
962	1283
1482	1284
1488	1285
1489	1286
1495	1287
1493	1288
1494	1289
1497	1290
1498	1291
1500	1292
1499	1293
1502	1294
1501	1295
1503	1296
1504	1297
1505	1298
1506	1299
1507	1300
304	1301
1508	1302
1511	1303
1510	1304
1514	1305
1513	1306
1517	1307
1516	1308
1512	1309
1100	1310
1515	1311
1496	1312
497	1313
1519	1314
500	1315
1520	1316
1521	1317
1525	1318
1527	1319
1526	1320
1530	1321
1533	1322
1528	1323
1534	1324
1529	1325
1105	1326
1532	1327
1010	1328
958	1329
867	1330
1536	1331
1537	1332
1539	1333
1538	1334
1545	1335
1542	1336
1541	1337
1546	1338
1544	1339
1543	1340
1548	1341
1547	1342
1549	1343
1550	1344
1551	1345
1552	1346
1553	1347
1554	1348
1557	1349
1562	1350
1565	1351
1559	1352
1561	1353
1566	1354
1569	1355
1564	1356
1567	1357
1563	1358
1570	1359
1572	1360
1575	1361
1574	1362
1235	1363
1576	1364
1578	1365
1579	1366
1577	1367
800	1368
1582	1369
1583	1370
1518	1371
1580	1372
1581	1373
1584	1374
1591	1375
1590	1376
1594	1377
1095	1378
1592	1379
1596	1380
1597	1381
1189	1382
1599	1383
1598	1384
1601	1385
850	1386
1602	1387
1603	1388
1608	1389
1609	1390
1604	1391
1607	1392
1605	1393
1610	1394
1363	1395
1611	1396
1589	1397
1614	1398
1232	1399
1616	1400
1615	1401
1619	1402
1586	1403
1080	1404
1618	1405
1617	1406
1622	1407
1623	1408
1624	1409
1628	1410
1630	1411
1625	1412
1627	1413
1626	1414
1632	1415
1631	1416
1011	1417
1633	1418
1639	1419
1647	1420
1643	1421
1644	1422
1636	1423
1645	1424
1641	1425
1637	1426
1646	1427
1635	1428
1638	1429
1556	1430
1650	1431
1648	1432
1649	1433
511	1434
1651	1435
1652	1436
1654	1437
1658	1438
1653	1439
1657	1440
1659	1441
1661	1442
1660	1443
1668	1444
1666	1445
1669	1446
1670	1447
1671	1448
1673	1449
1675	1450
1674	1451
1677	1452
1676	1453
1680	1454
1678	1455
1681	1456
1684	1457
9	1458
1687	1459
1682	1460
1683	1461
1685	1462
1688	1463
1689	1464
676	1465
1690	1466
1691	1467
1692	1468
922	1469
1693	1470
1694	1471
1696	1472
1697	1473
1269	1474
1699	1475
1701	1476
1710	1477
1703	1478
1707	1479
1706	1480
1704	1481
1702	1482
1708	1483
1705	1484
1713	1485
1236	1486
766	1487
1715	1488
1714	1489
1133	1490
1718	1491
1720	1492
1719	1493
624	1494
635	1495
1721	1496
1640	1497
1723	1498
1722	1499
961	1500
1724	1501
964	1502
1726	1503
1725	1504
967	1505
1728	1506
1733	1507
1735	1508
1734	1509
1736	1510
1737	1511
3844	1512
3057	1513
1271	1514
678	1515
2572	1516
3845	1517
960	1518
3842	1519
2858	1520
1740	1521
1739	1522
1741	1523
1742	1524
1744	1525
1743	1526
1746	1527
1745	1528
1749	1529
1748	1530
1750	1531
1752	1532
1753	1533
1416	1534
554	1535
1754	1536
1756	1537
1757	1538
1758	1539
1755	1540
1760	1541
1772	1542
1770	1543
1764	1544
1761	1545
1763	1546
1766	1547
1768	1548
1771	1549
1765	1550
1762	1551
1774	1552
1769	1553
1778	1554
1777	1555
1776	1556
1786	1557
1779	1558
1785	1559
1780	1560
1781	1561
1783	1562
1782	1563
1784	1564
1788	1565
1787	1566
1791	1567
1790	1568
1793	1569
1794	1570
1796	1571
1795	1572
1797	1573
1798	1574
1803	1575
1662	1576
1805	1577
1804	1578
1802	1579
1808	1580
1809	1581
991	1582
1813	1583
1816	1584
1815	1585
1812	1586
1814	1587
1820	1588
1819	1589
1821	1590
1822	1591
1824	1592
1825	1593
1829	1594
1827	1595
1828	1596
1837	1597
1835	1598
1830	1599
1834	1600
1346	1601
1832	1602
1836	1603
1831	1604
1847	1605
1844	1606
1841	1607
1848	1608
290	1609
1839	1610
1089	1611
1840	1612
1842	1613
1843	1614
2	1615
1851	1616
1852	1617
1850	1618
1854	1619
1853	1620
1857	1621
1856	1622
1858	1623
1861	1624
1860	1625
1863	1626
1862	1627
1864	1628
1865	1629
1866	1630
1867	1631
1868	1632
1870	1633
1874	1634
1875	1635
1876	1636
1877	1637
1362	1638
1878	1639
1879	1640
1880	1641
1881	1642
1882	1643
1885	1644
558	1645
1884	1646
383	1647
1886	1648
1887	1649
1888	1650
1889	1651
1892	1652
1891	1653
1893	1654
1894	1655
1896	1656
1898	1657
1897	1658
1899	1659
1901	1660
1902	1661
1903	1662
1664	1663
1907	1664
18	1665
1906	1666
1904	1667
1	1668
1909	1669
1910	1670
1911	1671
576	1672
1913	1673
1915	1674
1916	1675
1919	1676
1918	1677
1921	1678
1917	1679
1922	1680
1923	1681
675	1682
335	1683
1925	1684
1928	1685
1926	1686
1929	1687
1936	1688
1931	1689
1933	1690
1938	1691
1935	1692
1711	1693
1207	1694
1934	1695
1613	1696
1940	1697
1948	1698
1946	1699
1947	1700
1943	1701
1191	1702
1944	1703
1942	1704
1950	1705
1949	1706
1951	1707
1807	1708
1952	1709
1955	1710
1957	1711
1629	1712
1956	1713
1958	1714
1954	1715
1959	1716
1963	1717
1962	1718
1964	1719
1961	1720
1960	1721
1965	1722
1970	1723
1968	1724
1972	1725
1971	1726
1967	1727
1966	1728
1969	1729
1973	1730
1974	1731
1975	1732
1977	1733
1980	1734
1976	1735
1979	1736
1986	1737
1982	1738
1984	1739
1985	1740
1983	1741
1987	1742
1075	1743
1988	1744
1989	1745
1001	1746
3047	1747
1203	1748
1990	1749
1991	1750
1992	1751
1995	1752
1994	1753
1996	1754
1997	1755
1998	1756
2001	1757
2009	1758
2007	1759
2006	1760
2011	1761
2010	1762
2008	1763
2017	1764
2016	1765
2014	1766
2019	1767
2018	1768
2015	1769
2013	1770
2021	1771
2020	1772
2022	1773
1328	1774
2024	1775
2027	1776
2029	1777
2026	1778
2031	1779
2033	1780
2032	1781
2041	1782
2044	1783
2034	1784
2043	1785
2042	1786
2039	1787
2037	1788
2038	1789
2035	1790
2046	1791
2045	1792
2047	1793
1237	1794
2048	1795
2049	1796
2051	1797
2050	1798
2053	1799
2052	1800
2054	1801
1932	1802
396	1803
2055	1804
2057	1805
2059	1806
959	1807
2060	1808
2061	1809
2062	1810
1046	1811
2064	1812
2063	1813
2067	1814
1738	1815
2066	1816
2068	1817
2069	1818
1523	1819
2074	1820
2072	1821
2073	1822
2077	1823
2075	1824
2080	1825
278	1826
2078	1827
2079	1828
2081	1829
2082	1830
2083	1831
2085	1832
2086	1833
1767	1834
2090	1835
1310	1836
2089	1837
2092	1838
2093	1839
694	1840
2091	1841
2097	1842
2096	1843
2094	1844
2095	1845
2099	1846
2098	1847
2100	1848
2101	1849
2102	1850
2106	1851
2109	1852
2107	1853
2105	1854
2104	1855
2111	1856
2108	1857
2110	1858
2112	1859
2114	1860
2115	1861
2116	1862
2117	1863
1818	1864
2121	1865
2118	1866
2120	1867
2119	1868
2125	1869
2127	1870
2129	1871
2128	1872
2124	1873
2126	1874
2132	1875
2131	1876
2133	1877
2135	1878
2134	1879
2141	1880
2138	1881
1751	1882
2084	1883
2139	1884
1156	1885
2137	1886
2071	1887
2142	1888
2143	1889
2146	1890
2144	1891
1621	1892
2148	1893
2152	1894
2150	1895
2151	1896
2155	1897
2154	1898
2156	1899
2158	1900
2157	1901
2160	1902
2159	1903
570	1904
1308	1905
1392	1906
2163	1907
2165	1908
2169	1909
2168	1910
2171	1911
2172	1912
203	1913
2174	1914
2175	1915
2176	1916
865	1917
2179	1918
2180	1919
2181	1920
2178	1921
2183	1922
2184	1923
937	1924
2185	1925
2186	1926
2190	1927
2187	1928
2189	1929
2188	1930
2192	1931
1587	1932
2193	1933
2191	1934
2194	1935
2196	1936
2195	1937
2197	1938
2198	1939
2200	1940
2201	1941
2202	1942
2206	1943
2203	1944
2207	1945
2205	1946
2208	1947
2204	1948
2211	1949
2209	1950
2210	1951
2212	1952
2213	1953
2217	1954
2214	1955
2216	1956
1890	1957
2215	1958
2218	1959
2220	1960
1094	1961
2222	1962
2199	1963
2224	1964
2223	1965
2226	1966
2225	1967
2228	1968
1999	1969
2230	1970
1083	1971
2231	1972
2233	1973
2234	1974
2235	1975
2236	1976
2238	1977
2237	1978
2241	1979
2242	1980
2240	1981
2239	1982
2244	1983
2250	1984
2245	1985
2251	1986
2243	1987
2246	1988
995	1989
2248	1990
2249	1991
2253	1992
2254	1993
2252	1994
2256	1995
2257	1996
2255	1997
2258	1998
974	1999
2260	2000
723	2001
2261	2002
2264	2003
2262	2004
2263	2005
2265	2006
2267	2007
2269	2008
2268	2009
2270	2010
2271	2011
2170	2012
2274	2013
2273	2014
2272	2015
2275	2016
466	2017
1229	2018
2277	2019
2278	2020
2276	2021
1421	2022
2028	2023
2281	2024
2280	2025
2282	2026
2283	2027
1120	2028
2284	2029
2286	2030
2287	2031
2288	2032
2291	2033
2297	2034
2173	2035
1524	2036
2299	2037
2300	2038
2302	2039
1102	2040
2304	2041
2305	2042
2307	2043
2308	2044
2140	2045
2310	2046
2311	2047
2312	2048
490	2049
2313	2050
2315	2051
2316	2052
2317	2053
2318	2054
1730	2055
2323	2056
2324	2057
2326	2058
2325	2059
1634	2060
2327	2061
2328	2062
1540	2063
2333	2064
2332	2065
2329	2066
2330	2067
2340	2068
2339	2069
2319	2070
2343	2071
2344	2072
2345	2073
2346	2074
2351	2075
2348	2076
2352	2077
2350	2078
741	2079
2356	2080
2354	2081
2355	2082
2065	2083
2360	2084
2359	2085
2362	2086
2361	2087
2130	2088
2363	2089
2369	2090
2365	2091
2368	2092
965	2093
2366	2094
963	2095
2364	2096
2373	2097
2375	2098
2378	2099
2376	2100
2380	2101
2381	2102
2379	2103
563	2104
2382	2105
2383	2106
2385	2107
2386	2108
2389	2109
2391	2110
2390	2111
2393	2112
2392	2113
2387	2114
2388	2115
869	2116
2395	2117
2396	2118
2397	2119
2399	2120
2398	2121
2400	2122
2401	2123
2402	2124
2403	2125
518	2126
2404	2127
2421	2128
2414	2129
2406	2130
2407	2131
2410	2132
1371	2133
2416	2134
2409	2135
2419	2136
2413	2137
2420	2138
2411	2139
2415	2140
2405	2141
2412	2142
2418	2143
2422	2144
2424	2145
2423	2146
2426	2147
2425	2148
2428	2149
2427	2150
2429	2151
2433	2152
2430	2153
2431	2154
2432	2155
2436	2156
2434	2157
2435	2158
2437	2159
2438	2160
2219	2161
2440	2162
2441	2163
2371	2164
2445	2165
2444	2166
2370	2167
2443	2168
2446	2169
2450	2170
2452	2171
2451	2172
2453	2173
2454	2174
2458	2175
2457	2176
2460	2177
2465	2178
2464	2179
2466	2180
2463	2181
2461	2182
2462	2183
2468	2184
2471	2185
2470	2186
1869	2187
2472	2188
2473	2189
152	2190
2474	2191
2476	2192
2478	2193
2479	2194
2481	2195
2483	2196
2482	2197
2485	2198
2484	2199
2456	2200
2489	2201
2488	2202
2487	2203
2490	2204
2492	2205
2491	2206
2494	2207
1452	2208
2495	2209
1289	2210
2497	2211
2147	2212
2496	2213
2498	2214
1789	2215
2500	2216
2502	2217
2501	2218
2503	2219
2504	2220
2510	2221
2508	2222
2511	2223
2516	2224
2513	2225
2512	2226
2514	2227
2515	2228
1800	2229
2520	2230
506	2231
2523	2232
2525	2233
2524	2234
2526	2235
2527	2236
2004	2237
2528	2238
2530	2239
1477	2240
2533	2241
2535	2242
2534	2243
2536	2244
2448	2245
2538	2246
2539	2247
2540	2248
19	2249
2545	2250
2544	2251
2543	2252
2542	2253
2546	2254
2548	2255
2358	2256
1698	2257
2550	2258
1438	2259
2285	2260
2553	2261
2555	2262
2554	2263
2552	2264
912	2265
2556	2266
2447	2267
2557	2268
2564	2269
2561	2270
2563	2271
2566	2272
2562	2273
2560	2274
2569	2275
2568	2276
2574	2277
2573	2278
1700	2279
2571	2280
2567	2281
2575	2282
1593	2283
2576	2284
2578	2285
2580	2286
2577	2287
2579	2288
2584	2289
2583	2290
2309	2291
2582	2292
1307	2293
2585	2294
2586	2295
2587	2296
2589	2297
2591	2298
2592	2299
2594	2300
2593	2301
2590	2302
2595	2303
2103	2304
2347	2305
2596	2306
2601	2307
2600	2308
2598	2309
2603	2310
2469	2311
2604	2312
2609	2313
2607	2314
2608	2315
2606	2316
2002	2317
2610	2318
2612	2319
2613	2320
2615	2321
2614	2322
1306	2323
2621	2324
2622	2325
2620	2326
2619	2327
2623	2328
2624	2329
2625	2330
2628	2331
2626	2332
2627	2333
2629	2334
2633	2335
2631	2336
2635	2337
2634	2338
2637	2339
2640	2340
2638	2341
2639	2342
2641	2343
2642	2344
2643	2345
2647	2346
2646	2347
2648	2348
2651	2349
2650	2350
2653	2351
2652	2352
2655	2353
2656	2354
2657	2355
2321	2356
2658	2357
2659	2358
2334	2359
2660	2360
2663	2361
2664	2362
2669	2363
2670	2364
2665	2365
2666	2366
2668	2367
2683	2368
2681	2369
2685	2370
2684	2371
2687	2372
2688	2373
2682	2374
2676	2375
2680	2376
2675	2377
2679	2378
2672	2379
2677	2380
2671	2381
2674	2382
2689	2383
2690	2384
2692	2385
2691	2386
298	2387
2693	2388
2696	2389
2697	2390
2701	2391
2698	2392
2700	2393
2699	2394
2705	2395
2703	2396
2704	2397
2706	2398
2707	2399
2708	2400
2709	2401
2710	2402
2711	2403
1672	2404
1005	2405
2713	2406
716	2407
2717	2408
2718	2409
1612	2410
2320	2411
2719	2412
2661	2413
2720	2414
2721	2415
2725	2416
2724	2417
2726	2418
2728	2419
2730	2420
2290	2421
2729	2422
2733	2423
2735	2424
2738	2425
2736	2426
2743	2427
2740	2428
2741	2429
2746	2430
2745	2431
2748	2432
2455	2433
1712	2434
2750	2435
2754	2436
2753	2437
2505	2438
2755	2439
2618	2440
2763	2441
2765	2442
2761	2443
2759	2444
2762	2445
2766	2446
2764	2447
2767	2448
2768	2449
1799	2450
2771	2451
2772	2452
2774	2453
2775	2454
2776	2455
2777	2456
2778	2457
2780	2458
2531	2459
2161	2460
2782	2461
2786	2462
2785	2463
2787	2464
2789	2465
2783	2466
2784	2467
2791	2468
2149	2469
2792	2470
2794	2471
2797	2472
2796	2473
2793	2474
2795	2475
2798	2476
2807	2477
2808	2478
2814	2479
2799	2480
2803	2481
2802	2482
2800	2483
2811	2484
2804	2485
2809	2486
2801	2487
2806	2488
2813	2489
2812	2490
2816	2491
2817	2492
2818	2493
2820	2494
2822	2495
2823	2496
2336	2497
2824	2498
2826	2499
2825	2500
2588	2501
2581	2502
2828	2503
2827	2504
2829	2505
2831	2506
2832	2507
2836	2508
2833	2509
966	2510
2838	2511
2839	2512
2840	2513
2821	2514
2841	2515
2810	2516
2843	2517
2844	2518
2849	2519
2847	2520
2848	2521
2058	2522
773	2523
2854	2524
2856	2525
2853	2526
1801	2527
2851	2528
2855	2529
2852	2530
2860	2531
2862	2532
2866	2533
2863	2534
2865	2535
2864	2536
2868	2537
2869	2538
2871	2539
2702	2540
2875	2541
2873	2542
2876	2543
2878	2544
2880	2545
2881	2546
2879	2547
2882	2548
2883	2549
2884	2550
2885	2551
2886	2552
2694	2553
2890	2554
2896	2555
2895	2556
2892	2557
2894	2558
2893	2559
2819	2560
2897	2561
1009	2562
2899	2563
2861	2564
2902	2565
2900	2566
2901	2567
2903	2568
2905	2569
2906	2570
2908	2571
2907	2572
2909	2573
2162	2574
2915	2575
2914	2576
2912	2577
2916	2578
2913	2579
2919	2580
2918	2581
829	2582
2921	2583
2922	2584
2923	2585
2924	2586
2925	2587
1141	2588
2926	2589
2928	2590
992	2591
994	2592
2931	2593
2930	2594
2933	2595
2934	2596
1466	2597
2936	2598
2937	2599
2939	2600
2938	2601
2940	2602
2942	2603
2944	2604
2943	2605
1571	2606
2946	2607
2947	2608
2945	2609
2948	2610
1535	2611
2949	2612
2950	2613
2506	2614
2951	2615
2953	2616
2952	2617
2954	2618
2955	2619
2956	2620
2960	2621
1135	2622
2654	2623
2958	2624
2957	2625
2732	2626
2781	2627
2963	2628
2964	2629
2966	2630
2967	2631
1558	2632
2969	2633
2972	2634
2970	2635
2968	2636
2973	2637
2975	2638
2974	2639
2978	2640
2976	2641
2979	2642
2977	2643
2980	2644
1826	2645
2551	2646
2983	2647
2984	2648
2985	2649
2987	2650
2597	2651
2989	2652
2990	2653
2988	2654
2991	2655
2994	2656
2993	2657
2992	2658
1343	2659
2995	2660
2997	2661
2999	2662
3001	2663
2998	2664
3000	2665
3002	2666
3003	2667
3008	2668
3007	2669
3006	2670
3005	2671
3011	2672
3010	2673
3009	2674
3017	2675
3014	2676
3012	2677
3015	2678
3013	2679
3016	2680
3018	2681
3019	2682
3020	2683
3022	2684
3023	2685
3025	2686
2686	2687
3026	2688
3029	2689
3030	2690
3031	2691
3034	2692
3032	2693
3035	2694
3036	2695
3037	2696
407	2697
3038	2698
3039	2699
2030	2700
3041	2701
3044	2702
3043	2703
3046	2704
2935	2705
3049	2706
3051	2707
3052	2708
3055	2709
3056	2710
3054	2711
2372	2712
1872	2713
3061	2714
3060	2715
3062	2716
3063	2717
3070	2718
3067	2719
3065	2720
2341	2721
3069	2722
3066	2723
1065	2724
3072	2725
3074	2726
3077	2727
3075	2728
3076	2729
3078	2730
3081	2731
3080	2732
3083	2733
3079	2734
2314	2735
3082	2736
3085	2737
3086	2738
3091	2739
2408	2740
3088	2741
3089	2742
3087	2743
3095	2744
3092	2745
3093	2746
2023	2747
1531	2748
3096	2749
3097	2750
3101	2751
3100	2752
3103	2753
3105	2754
3106	2755
3107	2756
3109	2757
3108	2758
3112	2759
3114	2760
3110	2761
3111	2762
3113	2763
3116	2764
3118	2765
3119	2766
3123	2767
3122	2768
3121	2769
3125	2770
3124	2771
3131	2772
3126	2773
1354	2774
3127	2775
3130	2776
3129	2777
3136	2778
3137	2779
3133	2780
3134	2781
3139	2782
3138	2783
3135	2784
3141	2785
3142	2786
3048	2787
3143	2788
3144	2789
3146	2790
3147	2791
3148	2792
3149	2793
3150	2794
3151	2795
2695	2796
2616	2797
3153	2798
3152	2799
3154	2800
3155	2801
3156	2802
2815	2803
3157	2804
3158	2805
1255	2806
1811	2807
3162	2808
2357	2809
3164	2810
3165	2811
3163	2812
3166	2813
1004	2814
3169	2815
3168	2816
3171	2817
3172	2818
3170	2819
3177	2820
2477	2821
3175	2822
3174	2823
3178	2824
2910	2825
3179	2826
3182	2827
3184	2828
3181	2829
3183	2830
2541	2831
3189	2832
3188	2833
3191	2834
3190	2835
3192	2836
3194	2837
3193	2838
3195	2839
3197	2840
3196	2841
3199	2842
3202	2843
3198	2844
3201	2845
3200	2846
3203	2847
3205	2848
2337	2849
3206	2850
3207	2851
3209	2852
3212	2853
3211	2854
2602	2855
3213	2856
3214	2857
3216	2858
3217	2859
3219	2860
1717	2861
3220	2862
3223	2863
2298	2864
3221	2865
3222	2866
3224	2867
3226	2868
3225	2869
2877	2870
3227	2871
3228	2872
3229	2873
3230	2874
3231	2875
3236	2876
3233	2877
3237	2878
3235	2879
3238	2880
3234	2881
3232	2882
3239	2883
3240	2884
3241	2885
3242	2886
3243	2887
3245	2888
3248	2889
3250	2890
3249	2891
3251	2892
3255	2893
3254	2894
3252	2895
3253	2896
3257	2897
3260	2898
3258	2899
3259	2900
3261	2901
3264	2902
3262	2903
3268	2904
3269	2905
3271	2906
3270	2907
3266	2908
3267	2909
1833	2910
3273	2911
3274	2912
3275	2913
3277	2914
3280	2915
3279	2916
3282	2917
3281	2918
3284	2919
3283	2920
3287	2921
3288	2922
3290	2923
3292	2924
3293	2925
2113	2926
3291	2927
3294	2928
3208	2929
3297	2930
3295	2931
3296	2932
3301	2933
3302	2934
3304	2935
3305	2936
3307	2937
3308	2938
3310	2939
3309	2940
1305	2941
2519	2942
3102	2943
3311	2944
3313	2945
3314	2946
3315	2947
2749	2948
3316	2949
3317	2950
3318	2951
3319	2952
3320	2953
868	2954
3323	2955
3324	2956
3325	2957
2070	2958
3326	2959
2342	2960
3327	2961
3328	2962
3329	2963
3330	2964
3332	2965
3027	2966
3333	2967
3334	2968
3053	2969
3338	2970
3339	2971
3340	2972
3342	2973
3343	2974
3344	2975
3346	2976
3348	2977
2529	2978
3350	2979
3349	2980
495	2981
3356	2982
3359	2983
3357	2984
3355	2985
3360	2986
3363	2987
3364	2988
3362	2989
3368	2990
3367	2991
3366	2992
3369	2993
3370	2994
3372	2995
3354	2996
866	2997
3374	2998
3373	2999
3375	3000
3376	3001
3377	3002
1555	3003
3388	3004
880	3005
3387	3006
3379	3007
3383	3008
3380	3009
3384	3010
3381	3011
1429	3012
3378	3013
3382	3014
3385	3015
3390	3016
2760	3017
3391	3018
3392	3019
3394	3020
2758	3021
3396	3022
3398	3023
3397	3024
3399	3025
3400	3026
3401	3027
3402	3028
2649	3029
3403	3030
3404	3031
3405	3032
2040	3033
3104	3034
3408	3035
3416	3036
3414	3037
3413	3038
3411	3039
3299	3040
3415	3041
3412	3042
3418	3043
3419	3044
3420	3045
3161	3046
3422	3047
3423	3048
3421	3049
3425	3050
3426	3051
3427	3052
2565	3053
3428	3054
1775	3055
3430	3056
3431	3057
3434	3058
3433	3059
3435	3060
3437	3061
3436	3062
3438	3063
3439	3064
3186	3065
3440	3066
3441	3067
3443	3068
3444	3069
2632	3070
3445	3071
3446	3072
3447	3073
2232	3074
3448	3075
3449	3076
3451	3077
3450	3078
3453	3079
3452	3080
3454	3081
71	3082
3084	3083
3187	3084
3459	3085
2295	3086
3455	3087
2292	3088
3458	3089
2294	3090
3456	3091
3460	3092
3461	3093
3462	3094
3244	3095
3465	3096
3300	3097
3466	3098
3467	3099
2056	3100
3409	3101
3470	3102
3471	3103
2722	3104
3473	3105
3472	3106
3476	3107
3475	3108
2036	3109
1386	3110
3477	3111
3479	3112
3481	3113
3482	3114
3352	3115
3484	3116
3485	3117
3486	3118
3487	3119
3488	3120
3489	3121
3490	3122
1101	3123
3491	3124
2012	3125
3494	3126
3495	3127
3497	3128
3496	3129
2289	3130
3498	3131
3501	3132
3503	3133
2644	3134
3504	3135
3506	3136
3505	3137
3507	3138
3509	3139
3510	3140
1053	3141
3512	3142
3511	3143
3513	3144
3514	3145
2123	3146
2887	3147
3516	3148
3517	3149
3519	3150
3520	3151
3523	3152
3521	3153
3524	3154
3522	3155
1859	3156
3527	3157
3526	3158
3529	3159
1487	3160
3528	3161
3533	3162
3530	3163
3532	3164
3534	3165
3535	3166
3536	3167
3540	3168
3541	3169
3537	3170
1585	3171
3544	3172
3543	3173
3542	3174
3545	3175
3546	3176
1187	3177
3548	3178
3549	3179
3550	3180
3552	3181
3554	3182
3553	3183
1595	3184
3558	3185
2835	3186
3371	3187
3557	3188
3560	3189
3559	3190
3561	3191
3024	3192
3568	3193
3566	3194
2959	3195
3565	3196
3563	3197
3564	3198
3567	3199
3569	3200
3572	3201
3575	3202
3571	3203
3573	3204
3576	3205
3578	3206
3577	3207
3579	3208
3580	3209
3583	3210
3582	3211
3581	3212
3584	3213
2522	3214
3587	3215
3589	3216
3586	3217
3590	3218
3591	3219
3173	3220
3594	3221
3597	3222
3596	3223
3595	3224
3598	3225
3599	3226
3602	3227
3604	3228
3606	3229
3607	3230
3608	3231
3610	3232
1490	3233
3614	3234
1606	3235
3615	3236
3622	3237
3617	3238
3620	3239
3618	3240
2279	3241
3623	3242
3624	3243
3625	3244
3626	3245
2467	3246
2662	3247
3627	3248
3628	3249
3629	3250
3630	3251
3631	3252
3632	3253
3636	3254
1367	3255
3639	3256
3633	3257
3638	3258
3637	3259
3634	3260
2353	3261
3641	3262
3180	3263
3642	3264
3643	3265
3645	3266
3646	3267
3570	3268
2335	3269
3648	3270
3649	3271
2003	3272
3347	3273
3650	3274
2322	3275
3651	3276
3652	3277
3658	3278
3656	3279
3657	3280
3655	3281
3654	3282
3653	3283
3660	3284
3662	3285
3661	3286
3664	3287
3442	3288
3298	3289
3665	3290
3666	3291
3667	3292
3668	3293
3670	3294
3671	3295
3675	3296
3673	3297
3676	3298
194	3299
3678	3300
3682	3301
3686	3302
3685	3303
3687	3304
3683	3305
3688	3306
3689	3307
2739	3308
3692	3309
1883	3310
3693	3311
3694	3312
3695	3313
980	3314
3697	3315
3698	3316
3696	3317
3365	3318
3700	3319
3702	3320
3701	3321
3703	3322
3706	3323
3704	3324
3707	3325
3708	3326
3709	3327
3712	3328
3710	3329
3711	3330
3713	3331
3714	3332
3715	3333
3716	3334
3718	3335
3719	3336
993	3337
3720	3338
3724	3339
3723	3340
3722	3341
3721	3342
3726	3343
3728	3344
3407	3345
3729	3346
3731	3347
3732	3348
3733	3349
3677	3350
3734	3351
3735	3352
3738	3353
3737	3354
3739	3355
313	3356
3741	3357
3681	3358
3749	3359
3748	3360
3742	3361
3746	3362
3745	3363
3744	3364
3750	3365
3743	3366
3752	3367
3753	3368
3754	3369
3073	3370
3755	3371
3756	3372
3757	3373
1823	3374
3759	3375
3760	3376
3145	3377
3761	3378
3762	3379
1104	3380
3764	3381
3765	3382
3767	3383
3770	3384
3769	3385
3766	3386
3771	3387
3773	3388
3772	3389
3774	3390
3775	3391
3776	3392
3777	3393
2517	3394
3780	3395
3781	3396
1024	3397
3782	3398
3605	3399
3784	3400
3785	3401
3787	3402
3789	3403
3788	3404
1981	3405
3786	3406
3791	3407
3793	3408
3794	3409
3795	3410
3797	3411
3796	3412
3798	3413
3799	3414
3800	3415
3802	3416
3803	3417
3804	3418
3807	3419
3806	3420
324	3421
3808	3422
3810	3423
3811	3424
3813	3425
2005	3426
3814	3427
3812	3428
3818	3429
3817	3430
3816	3431
3815	3432
3819	3433
3551	3434
3820	3435
3821	3436
3822	3437
3823	3438
3824	3439
3825	3440
2927	3441
3826	3442
2293	3443
3830	3444
2076	3445
3829	3446
3831	3447
3833	3448
3834	3449
3832	3450
3040	3451
2617	3452
3841	3453
3840	3454
3838	3455
3837	3456
3839	3457
2532	3458
180	3459
186	3460
234	3461
248	3462
370	3463
643	3464
717	3465
745	3466
855	3467
978	3468
983	3469
1013	3470
1049	3471
1067	3472
1072	3473
1155	3474
1159	3475
1210	3476
1250	3477
1287	3478
1296	3479
1329	3480
1340	3481
1360	3482
1366	3483
1376	3484
1390	3485
1402	3486
1434	3487
1456	3488
1478	3489
1481	3490
1491	3491
1492	3492
1509	3493
1560	3494
1573	3495
1588	3496
1642	3497
1656	3498
1665	3499
1679	3500
1709	3501
1716	3502
1729	3503
1731	3504
1732	3505
3843	3506
1747	3507
1806	3508
1845	3509
1849	3510
1855	3511
1905	3512
1912	3513
1920	3514
1927	3515
1930	3516
1941	3517
1945	3518
1953	3519
2394	3520
2000	3521
2025	3522
2088	3523
2122	3524
2136	3525
2153	3526
2164	3527
2177	3528
2229	3529
2247	3530
2259	3531
2331	3532
2349	3533
1655	3534
2377	3535
2439	3536
2459	3537
2475	3538
2499	3539
2509	3540
2547	3541
2549	3542
2558	3543
2570	3544
2611	3545
2636	3546
2493	3547
2673	3548
1792	3549
2714	3550
2715	3551
2716	3552
2731	3553
2747	3554
2751	3555
2756	3556
2757	3557
2769	3558
2770	3559
2773	3560
2779	3561
2788	3562
2790	3563
1871	3564
2830	3565
2837	3566
2845	3567
2870	3568
2872	3569
2888	3570
2891	3571
2898	3572
2911	3573
2917	3574
2929	3575
2932	3576
2941	3577
2971	3578
2981	3579
3004	3580
3028	3581
3042	3582
2744	3583
3059	3584
3064	3585
3090	3586
3117	3587
3128	3588
3140	3589
2559	3590
3159	3591
1810	3592
3185	3593
1773	3594
3218	3595
3263	3596
3278	3597
3286	3598
3289	3599
3303	3600
3306	3601
3312	3602
2752	3603
3321	3604
3322	3605
3331	3606
3335	3607
3336	3608
3337	3609
3358	3610
3361	3611
3386	3612
3389	3613
3417	3614
3429	3615
1238	3616
3457	3617
2296	3618
3480	3619
3483	3620
3500	3621
3515	3622
3525	3623
3539	3624
3547	3625
3556	3626
3493	3627
3585	3628
3592	3629
3601	3630
3609	3631
3611	3632
3613	3633
3621	3634
2338	3635
3647	3636
3659	3637
3663	3638
3672	3639
3680	3640
3684	3641
240	3642
3691	3643
3699	3644
3705	3645
3717	3646
3725	3647
3727	3648
3730	3649
3751	3650
3758	3651
3763	3652
3779	3653
3792	3654
3809	3655
3827	3656
3828	3657
3835	3658
3836	3659
29	3660
173	3661
327	3662
423	3663
428	3664
458	3665
565	3666
584	3667
587	3668
604	3669
626	3670
648	3671
737	3672
750	3673
783	3674
819	3675
885	3676
999	3677
1017	3678
1028	3679
1062	3680
1112	3681
1164	3682
1169	3683
1205	3684
1264	3685
1299	3686
1356	3687
1380	3688
1398	3689
1423	3690
1460	3691
1474	3692
1522	3693
1568	3694
1600	3695
1620	3696
1667	3697
1686	3698
1695	3699
1727	3700
1759	3701
1817	3702
1838	3703
1846	3704
1895	3705
1900	3706
1908	3707
1914	3708
1924	3709
1939	3710
1937	3711
1978	3712
1993	3713
2087	3714
1002	3715
2145	3716
2166	3717
2167	3718
2182	3719
2221	3720
2227	3721
2266	3722
2301	3723
2303	3724
2306	3725
2367	3726
2374	3727
2384	3728
2417	3729
2442	3730
2449	3731
2480	3732
2486	3733
2518	3734
2521	3735
1663	3736
2537	3737
2599	3738
2630	3739
2667	3740
2678	3741
2712	3742
2723	3743
2727	3744
2734	3745
2737	3746
2742	3747
2805	3748
2834	3749
2842	3750
2846	3751
2850	3752
2857	3753
2859	3754
2867	3755
2874	3756
2889	3757
2904	3758
2920	3759
2961	3760
2962	3761
2965	3762
2982	3763
2986	3764
2996	3765
2507	3766
3021	3767
3033	3768
3045	3769
3050	3770
3058	3771
3068	3772
3071	3773
3094	3774
3098	3775
3099	3776
3115	3777
3120	3778
3132	3779
3160	3780
3167	3781
3176	3782
3204	3783
3210	3784
3215	3785
3247	3786
3256	3787
3265	3788
3272	3789
3276	3790
3285	3791
3341	3792
3246	3793
3345	3794
2645	3795
3393	3796
3395	3797
3406	3798
3351	3799
3410	3800
3424	3801
3432	3802
3463	3803
3464	3804
3468	3805
3469	3806
3474	3807
3478	3808
3492	3809
3499	3810
3502	3811
3508	3812
3518	3813
3531	3814
3538	3815
1233	3816
3555	3817
3562	3818
3574	3819
3588	3820
3593	3821
3600	3822
3603	3823
3612	3824
3616	3825
3619	3826
2605	3827
3635	3828
3640	3829
3644	3830
1873	3831
3669	3832
3674	3833
3679	3834
3690	3835
3353	3836
3736	3837
3740	3838
3747	3839
3768	3840
3778	3841
3783	3842
3790	3843
3801	3844
3805	3845
3846	3846
3847	3847
3848	3848
3849	3849
3850	3850
3851	3851
3852	3852
3853	3853
3854	3854
3855	3855
3856	3856
3857	3857
3858	3858
3859	3859
3860	3860
3861	3861
3862	3862
3863	3863
3864	3864
3865	3865
3866	3866
3867	3867
3868	3868
3869	3869
3870	3870
3871	3871
3872	3872
3873	3873
3874	3874
3875	3875
3876	3876
3877	3877
3878	3878
3879	3879
3880	3880
3881	3881
3882	3882
3883	3883
3884	3884
3885	3885
3886	3886
3887	3887
3888	3888
3889	3889
3890	3890
3891	3891
3892	3892
3893	3893
3894	3894
3895	3895
3896	3896
3897	3897
3898	3898
3899	3899
3900	3900
3901	3901
3902	3902
3903	3903
3904	3904
3905	3905
3906	3906
3907	3907
3908	3908
3909	3909
3910	3910
3911	3911
3912	3912
3913	3913
3914	3914
3915	3915
3916	3916
3917	3917
3918	3918
3919	3919
3920	3920
3921	3921
3922	3922
3923	3923
3924	3924
3925	3925
3926	3926
3927	3927
3928	3928
3929	3929
3930	3930
3931	3931
3932	3932
3933	3933
3934	3934
3935	3935
3936	3936
3937	3937
3938	3938
3939	3939
3940	3940
3941	3941
3942	3942
3943	3943
3944	3944
3945	3945
3946	3946
3947	3947
3948	3948
3949	3949
3950	3950
3951	3951
3952	3952
3953	3953
3954	3954
3955	3955
3956	3956
3957	3957
3958	3958
3959	3959
3960	3960
3961	3961
3962	3962
3963	3963
3964	3964
3965	3965
3966	3966
3967	3967
3968	3968
3969	3969
3970	3970
3971	3971
3972	3972
3973	3973
3974	3974
3975	3975
3976	3976
3977	3977
3978	3978
3979	3979
3980	3980
3981	3981
3982	3982
3983	3983
3984	3984
3985	3985
3986	3986
3987	3987
3988	3988
3989	3989
3990	3990
3991	3991
3992	3992
3993	3993
3994	3994
3995	3995
3996	3996
3997	3997
3998	3998
3999	3999
4000	4000
4001	4001
4002	4002
4003	4003
4004	4004
4005	4005
4006	4006
4007	4007
4008	4008
4009	4009
4010	4010
4011	4011
4012	4012
4013	4013
4014	4014
4015	4015
4016	4016
4017	4017
4018	4018
4019	4019
4020	4020
4021	4021
4022	4022
4023	4023
4024	4024
4025	4025
4026	4026
4027	4027
4028	4028
4029	4029
4030	4030
4031	4031
4032	4032
4033	4033
4034	4034
4035	4035
4036	4036
4037	4037
4038	4038
4039	4039
4040	4040
4041	4041
4042	4042
4043	4043
4044	4044
4045	4045
4046	4046
4047	4047
4048	4048
4049	4049
4050	4050
4051	4051
4052	4052
4053	4053
4054	4054
4055	4055
4056	4056
4057	4057
4058	4058
4059	4059
4060	4060
4061	4061
4062	4062
4063	4063
4064	4064
4065	4065
4066	4066
4067	4067
4068	4068
4069	4069
4070	4070
4071	4071
4072	4072
4073	4073
4074	4074
4075	4075
4076	4076
4077	4077
4078	4078
4079	4079
4080	4080
4081	4081
4082	4082
4083	4083
4084	4084
4085	4085
4086	4086
4087	4087
4088	4088
4089	4089
4090	4090
4091	4091
4092	4092
4093	4093
4094	4094
4095	4095
4096	4096
4097	4097
4098	4098
4099	4099
4100	4100
4101	4101
4102	4102
4103	4103
4104	4104
4105	4105
4106	4106
4107	4107
4108	4108
4109	4109
4110	4110
4111	4111
4112	4112
4113	4113
4114	4114
4115	4115
4116	4116
4117	4117
4118	4118
4119	4119
4120	4120
4121	4121
4122	4122
4123	4123
4124	4124
4125	4125
4126	4126
4127	4127
4128	4128
4129	4129
4130	4130
4131	4131
4132	4132
4133	4133
4134	4134
4135	4135
4136	4136
4137	4137
4138	4138
4139	4139
4140	4140
4141	4141
4142	4142
4143	4143
4144	4144
4145	4145
4146	4146
4147	4147
4148	4148
4149	4149
4150	4150
4151	4151
4152	4152
4153	4153
4154	4154
4155	4155
4156	4156
4157	4157
4158	4158
4159	4159
4160	4160
4161	4161
4162	4162
4163	4163
4164	4164
4165	4165
4166	4166
4167	4167
4168	4168
4169	4169
4170	4170
4171	4171
4172	4172
4173	4173
4174	4174
4175	4175
4176	4176
4177	4177
4178	4178
4179	4179
4180	4180
4181	4181
4182	4182
4183	4183
4184	4184
4185	4185
4186	4186
4187	4187
4188	4188
4189	4189
4190	4190
4191	4191
4192	4192
4193	4193
4194	4194
4195	4195
4196	4196
4197	4197
4198	4198
4199	4199
4200	4200
4201	4201
4202	4202
4203	4203
4204	4204
4205	4205
4206	4206
4207	4207
4208	4208
4209	4209
4210	4210
4211	4211
4212	4212
4213	4213
4214	4214
4215	4215
4216	4216
4217	4217
4218	4218
4219	4219
4220	4220
4221	4221
4222	4222
4223	4223
4224	4224
4225	4225
4226	4226
4227	4227
4228	4228
4229	4229
4230	4230
4231	4231
4232	4232
4233	4233
4234	4234
4235	4235
4236	4236
4237	4237
4238	4238
4239	4239
4240	4240
4241	4241
4242	4242
4243	4243
4244	4244
4245	4245
4246	4246
4247	4247
4248	4248
4249	4249
4250	4250
4251	4251
4252	4252
4253	4253
4254	4254
4255	4255
4256	4256
4257	4257
4258	4258
4259	4259
4260	4260
4261	4261
4262	4262
4263	4263
4264	4264
4265	4265
4266	4266
4267	4267
4268	4268
4269	4269
4270	4270
4271	4271
4272	4272
4273	4273
4274	4274
4275	4275
4276	4276
4277	4277
4278	4278
4279	4279
4280	4280
4281	4281
4282	4282
4283	4283
4284	4284
4285	4285
4286	4286
4287	4287
4288	4288
4289	4289
4290	4290
4291	4291
4292	4292
4293	4293
4294	4294
4295	4295
4296	4296
4297	4297
4298	4298
4299	4299
4300	4300
4301	4301
4302	4302
4303	4303
4304	4304
4305	4305
4306	4306
4307	4307
4308	4308
4309	4309
4310	4310
4311	4311
4312	4312
4313	4313
4314	4314
4315	4315
4316	4316
4317	4317
4318	4318
4319	4319
4320	4320
4321	4321
4322	4322
4323	4323
4324	4324
4325	4325
4326	4326
4327	4327
4328	4328
4329	4329
4330	4330
4331	4331
4332	4332
4333	4333
4334	4334
4335	4335
4336	4336
4337	4337
4338	4338
4339	4339
4340	4340
4341	4341
4342	4342
4343	4343
4344	4344
4345	4345
4346	4346
4347	4347
4348	4348
4349	4349
4350	4350
4351	4351
4352	4352
4353	4353
4354	4354
4355	4355
4356	4356
4357	4357
4358	4358
4359	4359
4360	4360
4361	4361
4362	4362
4363	4363
4364	4364
4365	4365
4366	4366
4367	4367
4368	4368
4369	4369
4370	4370
4371	4371
4372	4372
4373	4373
4374	4374
4375	4375
4376	4376
4377	4377
4378	4378
4379	4379
4380	4380
4381	4381
4382	4382
4383	4383
4384	4384
4385	4385
4386	4386
4387	4387
4388	4388
4389	4389
4390	4390
4391	4391
4392	4392
4393	4393
4394	4394
4395	4395
4396	4396
4397	4397
4398	4398
4399	4399
4400	4400
4401	4401
4402	4402
4403	4403
4404	4404
4405	4405
4406	4406
4407	4407
4408	4408
4409	4409
4410	4410
4411	4411
4412	4412
4413	4413
4414	4414
4415	4415
4416	4416
4417	4417
4418	4418
4419	4419
4420	4420
4421	4421
4422	4422
4423	4423
4424	4424
4425	4425
4426	4426
4427	4427
4428	4428
4429	4429
4430	4430
4431	4431
4432	4432
4433	4433
4434	4434
4435	4435
4436	4436
4437	4437
4438	4438
4439	4439
4440	4440
4441	4441
4442	4442
4443	4443
4444	4444
4445	4445
4446	4446
4447	4447
4448	4448
4449	4449
4450	4450
4451	4451
4452	4452
4453	4453
4454	4454
4455	4455
4456	4456
4457	4457
4458	4458
4459	4459
4460	4460
4461	4461
4462	4462
4463	4463
4464	4464
4465	4465
4466	4466
4467	4467
4468	4468
4469	4469
4470	4470
4471	4471
4472	4472
4473	4473
4474	4474
4475	4475
4476	4476
4477	4477
4478	4478
4479	4479
4480	4480
4481	4481
4482	4482
4483	4483
4484	4484
4485	4485
4486	4486
4487	4487
4488	4488
4489	4489
4490	4490
4491	4491
4492	4492
4493	4493
4494	4494
4495	4495
4496	4496
4497	4497
4498	4498
4499	4499
4500	4500
4501	4501
4502	4502
4503	4503
4504	4504
4505	4505
4506	4506
4507	4507
4508	4508
4509	4509
4510	4510
4511	4511
4512	4512
4513	4513
4514	4514
4515	4515
4516	4516
4517	4517
4518	4518
4519	4519
4520	4520
4521	4521
4522	4522
4523	4523
4524	4524
4525	4525
4526	4526
4527	4527
4528	4528
4529	4529
4530	4530
4531	4531
4532	4532
4533	4533
4534	4534
4535	4535
4536	4536
4537	4537
4538	4538
4539	4539
4540	4540
4541	4541
4542	4542
4543	4543
4544	4544
4545	4545
4546	4546
4547	4547
4548	4548
4549	4549
4550	4550
4551	4551
4552	4552
4553	4553
4554	4554
4555	4555
4556	4556
4557	4557
4558	4558
4559	4559
4560	4560
4561	4561
4562	4562
4563	4563
4564	4564
4565	4565
4566	4566
4567	4567
4568	4568
4569	4569
4570	4570
4571	4571
4572	4572
4573	4573
4574	4574
4575	4575
4576	4576
4577	4577
4578	4578
4579	4579
4580	4580
4581	4581
4582	4582
4583	4583
4584	4584
4585	4585
4586	4586
4587	4587
4588	4588
4589	4589
4590	4590
4591	4591
4592	4592
4593	4593
4594	4594
4595	4595
4596	4596
4597	4597
4598	4598
4599	4599
4600	4600
4601	4601
4602	4602
4603	4603
4604	4604
4605	4605
4606	4606
4607	4607
4608	4608
4609	4609
4610	4610
4611	4611
4612	4612
4613	4613
4614	4614
4615	4615
4616	4616
4617	4617
4618	4618
4619	4619
4620	4620
4621	4621
4622	4622
4623	4623
4624	4624
4625	4625
4626	4626
4627	4627
4628	4628
4629	4629
4630	4630
4631	4631
4632	4632
4633	4633
4634	4634
4635	4635
4636	4636
4637	4637
4638	4638
4639	4639
4640	4640
4641	4641
4642	4642
4643	4643
4644	4644
4645	4645
4646	4646
4647	4647
4648	4648
4649	4649
4650	4650
4651	4651
4652	4652
4653	4653
4654	4654
4655	4655
4656	4656
4657	4657
4658	4658
4659	4659
4660	4660
4661	4661
4662	4662
4663	4663
4664	4664
4665	4665
4666	4666
4667	4667
4668	4668
4669	4669
4670	4670
4671	4671
4672	4672
4673	4673
4674	4674
4675	4675
4676	4676
4677	4677
4678	4678
4679	4679
4680	4680
4681	4681
4682	4682
4683	4683
4684	4684
4685	4685
4686	4686
4687	4687
4688	4688
4689	4689
4690	4690
4691	4691
4692	4692
4693	4693
4694	4694
4695	4695
4696	4696
4697	4697
4698	4698
4699	4699
4700	4700
4701	4701
4702	4702
4703	4703
4704	4704
4705	4705
4706	4706
4707	4707
4708	4708
4709	4709
4710	4710
4711	4711
4712	4712
4713	4713
4714	4714
4715	4715
4716	4716
4717	4717
4718	4718
4719	4719
4720	4720
4721	4721
4722	4722
4723	4723
4724	4724
4725	4725
4726	4726
4727	4727
4728	4728
4729	4729
4730	4730
4731	4731
4732	4732
4733	4733
4734	4734
4735	4735
4736	4736
4737	4737
4738	4738
4739	4739
4740	4740
4741	4741
4742	4742
4743	4743
4744	4744
4745	4745
4746	4746
4747	4747
4748	4748
4749	4749
4750	4750
4751	4751
4752	4752
4753	4753
4754	4754
4755	4755
4756	4756
4757	4757
4758	4758
4759	4759
4760	4760
4761	4761
4762	4762
4763	4763
4764	4764
4765	4765
4766	4766
4767	4767
4768	4768
4769	4769
4770	4770
4771	4771
4772	4772
4773	4773
4774	4774
4775	4775
4776	4776
4777	4777
4778	4778
4779	4779
4780	4780
4781	4781
4782	4782
4783	4783
4784	4784
4785	4785
4786	4786
4787	4787
4788	4788
4789	4789
4790	4790
4791	4791
4792	4792
4793	4793
4794	4794
4795	4795
4796	4796
4797	4797
4798	4798
4799	4799
4800	4800
4801	4801
4802	4802
4803	4803
4804	4804
4805	4805
4806	4806
4807	4807
4808	4808
4809	4809
4810	4810
4811	4811
4812	4812
4813	4813
4814	4814
4815	4815
4816	4816
4817	4817
4818	4818
4819	4819
4820	4820
4821	4821
4822	4822
4823	4823
4824	4824
4825	4825
4826	4826
4827	4827
4828	4828
4829	4829
4830	4830
4831	4831
4832	4832
4833	4833
4834	4834
4835	4835
4836	4836
4837	4837
4838	4838
4839	4839
4840	4840
4841	4841
4842	4842
4843	4843
4844	4844
4845	4845
4846	4846
4847	4847
4848	4848
4849	4849
4850	4850
4851	4851
4852	4852
4853	4853
4854	4854
4855	4855
4856	4856
4857	4857
4858	4858
4859	4859
4860	4860
4861	4861
4862	4862
4863	4863
4864	4864
4865	4865
4866	4866
4867	4867
4868	4868
4869	4869
4870	4870
4871	4871
4872	4872
4873	4873
4874	4874
4875	4875
4876	4876
4877	4877
4878	4878
4879	4879
4880	4880
4881	4881
4882	4882
4883	4883
4884	4884
4885	4885
4886	4886
4887	4887
4888	4888
4889	4889
4890	4890
4891	4891
4892	4892
4893	4893
4894	4894
4895	4895
4896	4896
4897	4897
4898	4898
4899	4899
4900	4900
4901	4901
4902	4902
4903	4903
4904	4904
4905	4905
4906	4906
4907	4907
4908	4908
4909	4909
4910	4910
4911	4911
4912	4912
4913	4913
4914	4914
4915	4915
4916	4916
4917	4917
4918	4918
4919	4919
4920	4920
4921	4921
4922	4922
4923	4923
4924	4924
4925	4925
4926	4926
4927	4927
4928	4928
4929	4929
4930	4930
4931	4931
4932	4932
4933	4933
4934	4934
4935	4935
4936	4936
4937	4937
4938	4938
4939	4939
4940	4940
4941	4941
4942	4942
4943	4943
4944	4944
4945	4945
4946	4946
4947	4947
4948	4948
4949	4949
4950	4950
4951	4951
4952	4952
4953	4953
4954	4954
4955	4955
4956	4956
4957	4957
4958	4958
4959	4959
4960	4960
4961	4961
4962	4962
4963	4963
4964	4964
4965	4965
4966	4966
4967	4967
4968	4968
4969	4969
4970	4970
4971	4971
4972	4972
4973	4973
4974	4974
4975	4975
4976	4976
4977	4977
4978	4978
4979	4979
4980	4980
4981	4981
4982	4982
4983	4983
4984	4984
4985	4985
4986	4986
4987	4987
4988	4988
4989	4989
4990	4990
4991	4991
4992	4992
4993	4993
4994	4994
4995	4995
4996	4996
4997	4997
4998	4998
4999	4999
5000	5000
5001	5001
5002	5002
5003	5003
5004	5004
5005	5005
5006	5006
5007	5007
5008	5008
5009	5009
5010	5010
5011	5011
5012	5012
5013	5013
5014	5014
5015	5015
5016	5016
5017	5017
5018	5018
5019	5019
5020	5020
5021	5021
5022	5022
5023	5023
5024	5024
5025	5025
5026	5026
5027	5027
5028	5028
5029	5029
5030	5030
5031	5031
5032	5032
5033	5033
5034	5034
5035	5035
5036	5036
5037	5037
5038	5038
5039	5039
5040	5040
5041	5041
5042	5042
5043	5043
5044	5044
5045	5045
5046	5046
5047	5047
5048	5048
5049	5049
5050	5050
5051	5051
5052	5052
5053	5053
5054	5054
5055	5055
5056	5056
5057	5057
5058	5058
5059	5059
5060	5060
5061	5061
5062	5062
5063	5063
5064	5064
5065	5065
5066	5066
5067	5067
5068	5068
5069	5069
5070	5070
5071	5071
5072	5072
5073	5073
5074	5074
5075	5075
5076	5076
5077	5077
5078	5078
5079	5079
5080	5080
5081	5081
5082	5082
5083	5083
5084	5084
5085	5085
5086	5086
5087	5087
5088	5088
5089	5089
5090	5090
5091	5091
5092	5092
5093	5093
5094	5094
5095	5095
5096	5096
5097	5097
5098	5098
5099	5099
5100	5100
5101	5101
5102	5102
5103	5103
5104	5104
5105	5105
5106	5106
5107	5107
5108	5108
5109	5109
5110	5110
5111	5111
5112	5112
5113	5113
5114	5114
5115	5115
5116	5116
5117	5117
5118	5118
5119	5119
5120	5120
5121	5121
5122	5122
5123	5123
5124	5124
5125	5125
5126	5126
5127	5127
5128	5128
5129	5129
5130	5130
5131	5131
5132	5132
5133	5133
5134	5134
5135	5135
5136	5136
5137	5137
5138	5138
5139	5139
5140	5140
5141	5141
5142	5142
5143	5143
5144	5144
5145	5145
5146	5146
5147	5147
5148	5148
5149	5149
5150	5150
5151	5151
5152	5152
5153	5153
5154	5154
5155	5155
5156	5156
5157	5157
5158	5158
5159	5159
5160	5160
5161	5161
5162	5162
5163	5163
5164	5164
5165	5165
5166	5166
5167	5167
5168	5168
5169	5169
5170	5170
5171	5171
5172	5172
5173	5173
5174	5174
5175	5175
5176	5176
5177	5177
5178	5178
5179	5179
5180	5180
5181	5181
5182	5182
5183	5183
5184	5184
5185	5185
5186	5186
5187	5187
5188	5188
5189	5189
5190	5190
5191	5191
5192	5192
5193	5193
5194	5194
5195	5195
5196	5196
5197	5197
5198	5198
5199	5199
5200	5200
5201	5201
5202	5202
5203	5203
5204	5204
5205	5205
5206	5206
5207	5207
5208	5208
5209	5209
5210	5210
5211	5211
5212	5212
5213	5213
5214	5214
5215	5215
5216	5216
5217	5217
5218	5218
5219	5219
5220	5220
5221	5221
5222	5222
5223	5223
5224	5224
5225	5225
5226	5226
5227	5227
5228	5228
5229	5229
5230	5230
5231	5231
5232	5232
5233	5233
5234	5234
5235	5235
5236	5236
5237	5237
5238	5238
5239	5239
5240	5240
5241	5241
5242	5242
5243	5243
5244	5244
5245	5245
5246	5246
5247	5247
5248	5248
5249	5249
5250	5250
5251	5251
5252	5252
5253	5253
5254	5254
5255	5255
5256	5256
5257	5257
5258	5258
5259	5259
5260	5260
5261	5261
5262	5262
5263	5263
5264	5264
5265	5265
5266	5266
5267	5267
5268	5268
5269	5269
5270	5270
5271	5271
5272	5272
5273	5273
5274	5274
5275	5275
5276	5276
5277	5277
5278	5278
5279	5279
5280	5280
5281	5281
5282	5282
5283	5283
5284	5284
5285	5285
5286	5286
5287	5287
5288	5288
5289	5289
5290	5290
5291	5291
5292	5292
5293	5293
5294	5294
5295	5295
5296	5296
5297	5297
5298	5298
5299	5299
5300	5300
5301	5301
5302	5302
5303	5303
5304	5304
5305	5305
5306	5306
5307	5307
5308	5308
5309	5309
5310	5310
5311	5311
5312	5312
5313	5313
5314	5314
5315	5315
5316	5316
5317	5317
5318	5318
5319	5319
5320	5320
5321	5321
5322	5322
5323	5323
5324	5324
5325	5325
5326	5326
5327	5327
5328	5328
5329	5329
5330	5330
5331	5331
5332	5332
5333	5333
5334	5334
5335	5335
5336	5336
5337	5337
5338	5338
5339	5339
5340	5340
5341	5341
5342	5342
5343	5343
5344	5344
5345	5345
5346	5346
5347	5347
5348	5348
5349	5349
5350	5350
5351	5351
5352	5352
5353	5353
5354	5354
5355	5355
5356	5356
5357	5357
5358	5358
5359	5359
5360	5360
5361	5361
5362	5362
5363	5363
5364	5364
5365	5365
5366	5366
5367	5367
5368	5368
5369	5369
5370	5370
5371	5371
5372	5372
5373	5373
5374	5374
5375	5375
5376	5376
5377	5377
5378	5378
5379	5379
5380	5380
5381	5381
5382	5382
5383	5383
5384	5384
5385	5385
5386	5386
5387	5387
5388	5388
5389	5389
5390	5390
5391	5391
5392	5392
5393	5393
5394	5394
5395	5395
5396	5396
5397	5397
5398	5398
5399	5399
5400	5400
5401	5401
5402	5402
5403	5403
5404	5404
5405	5405
5406	5406
5407	5407
5408	5408
5409	5409
5410	5410
5411	5411
5412	5412
5413	5413
5414	5414
5415	5415
5416	5416
5417	5417
5418	5418
5419	5419
5420	5420
5421	5421
5422	5422
5423	5423
5424	5424
5425	5425
5426	5426
5427	5427
5428	5428
5429	5429
5430	5430
5431	5431
5432	5432
5433	5433
5434	5434
5435	5435
5436	5436
5437	5437
5438	5438
5439	5439
5440	5440
5441	5441
5442	5442
5443	5443
5444	5444
5445	5445
5446	5446
5447	5447
5448	5448
5449	5449
5450	5450
5451	5451
5452	5452
5453	5453
5454	5454
5455	5455
5456	5456
5457	5457
5458	5458
5459	5459
5460	5460
5461	5461
5462	5462
5463	5463
5464	5464
5465	5465
5466	5466
5467	5467
5468	5468
5469	5469
5470	5470
5471	5471
5472	5472
5473	5473
5474	5474
5475	5475
5476	5476
5477	5477
5478	5478
5479	5479
5480	5480
5481	5481
5482	5482
5483	5483
5484	5484
5485	5485
5486	5486
5487	5487
5488	5488
5489	5489
5490	5490
5491	5491
5492	5492
5493	5493
5494	5494
5495	5495
5496	5496
5497	5497
5498	5498
5499	5499
5500	5500
5501	5501
5502	5502
5503	5503
5504	5504
5505	5505
5506	5506
5507	5507
5508	5508
5509	5509
5510	5510
5511	5511
5512	5512
5513	5513
5514	5514
5515	5515
5516	5516
5517	5517
5518	5518
5519	5519
5520	5520
5521	5521
5522	5522
5523	5523
5524	5524
5525	5525
5526	5526
5527	5527
5528	5528
5529	5529
5530	5530
5531	5531
5532	5532
5533	5533
5534	5534
5535	5535
5536	5536
5537	5537
5538	5538
5539	5539
5540	5540
5541	5541
5542	5542
5543	5543
5544	5544
5545	5545
5546	5546
5547	5547
5548	5548
5549	5549
5550	5550
5551	5551
5552	5552
5553	5553
5554	5554
5555	5555
5556	5556
5557	5557
5558	5558
5559	5559
5560	5560
5561	5561
5562	5562
5563	5563
5564	5564
5565	5565
5566	5566
5567	5567
5568	5568
5569	5569
5570	5570
5571	5571
5572	5572
5573	5573
5574	5574
5575	5575
5576	5576
5577	5577
5578	5578
5579	5579
5580	5580
5581	5581
5582	5582
5583	5583
5584	5584
5585	5585
5586	5586
5587	5587
5588	5588
5589	5589
5590	5590
5591	5591
5592	5592
5593	5593
5594	5594
5595	5595
5596	5596
5597	5597
5598	5598
5599	5599
5600	5600
5601	5601
5602	5602
5603	5603
5604	5604
5605	5605
5606	5606
5607	5607
5608	5608
5609	5609
5610	5610
5611	5611
5612	5612
5613	5613
5614	5614
5615	5615
5616	5616
5617	5617
5618	5618
5619	5619
5620	5620
5621	5621
5622	5622
5623	5623
5624	5624
5625	5625
5626	5626
5627	5627
5628	5628
5629	5629
5630	5630
5631	5631
5632	5632
5633	5633
5634	5634
5635	5635
5636	5636
5637	5637
5638	5638
5639	5639
5640	5640
5641	5641
5642	5642
5643	5643
5644	5644
5645	5645
5646	5646
5647	5647
5648	5648
5649	5649
5650	5650
5651	5651
5652	5652
5653	5653
5654	5654
5655	5655
5656	5656
5657	5657
5658	5658
5659	5659
5660	5660
5661	5661
5662	5662
5663	5663
5664	5664
5665	5665
5666	5666
5667	5667
5668	5668
5669	5669
5670	5670
5671	5671
5672	5672
5673	5673
5674	5674
5675	5675
5676	5676
5677	5677
5678	5678
5679	5679
5680	5680
5681	5681
5682	5682
5683	5683
5684	5684
5685	5685
5686	5686
5687	5687
5688	5688
5689	5689
5690	5690
5691	5691
5692	5692
5693	5693
5694	5694
5695	5695
5696	5696
5697	5697
5698	5698
5699	5699
5700	5700
5701	5701
5702	5702
5703	5703
5704	5704
5705	5705
5706	5706
5707	5707
5708	5708
5709	5709
5710	5710
5711	5711
5712	5712
5713	5713
5714	5714
5715	5715
5716	5716
5717	5717
5718	5718
5719	5719
5720	5720
5721	5721
5722	5722
5723	5723
5724	5724
5725	5725
5726	5726
5727	5727
5728	5728
5729	5729
5730	5730
5731	5731
5732	5732
5733	5733
5734	5734
5735	5735
5736	5736
5737	5737
5738	5738
5739	5739
5740	5740
5741	5741
5742	5742
5743	5743
5744	5744
5745	5745
5746	5746
5747	5747
5748	5748
5749	5749
5750	5750
5751	5751
5752	5752
5753	5753
5754	5754
5755	5755
5756	5756
5757	5757
5758	5758
5759	5759
5760	5760
5761	5761
5762	5762
5763	5763
5764	5764
5765	5765
5766	5766
5767	5767
5768	5768
5769	5769
5770	5770
5771	5771
5772	5772
5773	5773
5774	5774
5775	5775
5776	5776
5777	5777
5778	5778
5779	5779
5780	5780
5781	5781
5782	5782
5783	5783
5784	5784
5785	5785
5786	5786
5787	5787
5788	5788
5789	5789
5790	5790
5791	5791
5792	5792
5793	5793
5794	5794
5795	5795
5796	5796
5797	5797
5798	5798
5799	5799
5800	5800
5801	5801
5802	5802
5803	5803
5804	5804
5805	5805
5806	5806
5807	5807
5808	5808
5809	5809
5810	5810
5811	5811
5812	5812
5813	5813
5814	5814
5815	5815
5816	5816
5817	5817
5818	5818
5819	5819
5820	5820
5821	5821
5822	5822
5823	5823
5824	5824
5825	5825
5826	5826
5827	5827
5828	5828
5829	5829
5830	5830
5831	5831
5832	5832
5833	5833
5834	5834
5835	5835
5836	5836
5837	5837
5838	5838
5839	5839
5840	5840
5841	5841
5842	5842
5843	5843
5844	5844
5845	5845
5846	5846
5847	5847
5848	5848
5849	5849
5850	5850
5851	5851
5852	5852
5853	5853
5854	5854
5855	5855
5856	5856
5857	5857
5858	5858
5859	5859
5860	5860
5861	5861
5862	5862
5863	5863
5864	5864
5865	5865
5866	5866
5867	5867
5868	5868
5869	5869
5870	5870
5871	5871
5872	5872
5873	5873
5874	5874
5875	5875
5876	5876
5877	5877
5878	5878
5879	5879
5880	5880
5881	5881
5882	5882
5883	5883
5884	5884
5885	5885
5886	5886
5887	5887
5888	5888
5889	5889
5890	5890
5891	5891
5892	5892
5893	5893
5894	5894
5895	5895
5896	5896
5897	5897
5898	5898
5899	5899
5900	5900
5901	5901
5902	5902
5903	5903
5904	5904
5905	5905
5906	5906
5907	5907
5908	5908
5909	5909
5910	5910
5911	5911
5912	5912
5913	5913
5914	5914
5915	5915
5916	5916
5917	5917
5918	5918
5919	5919
5920	5920
5921	5921
5922	5922
5923	5923
5924	5924
5925	5925
5926	5926
5927	5927
5928	5928
5929	5929
5930	5930
5931	5931
5932	5932
5933	5933
5934	5934
5935	5935
5936	5936
5937	5937
5938	5938
5939	5939
5940	5940
5941	5941
5942	5942
5943	5943
5944	5944
5945	5945
5946	5946
5947	5947
5948	5948
5949	5949
5950	5950
5951	5951
5952	5952
5953	5953
5954	5954
5955	5955
5956	5956
5957	5957
5958	5958
5959	5959
5960	5960
5961	5961
5962	5962
5963	5963
5964	5964
5965	5965
5966	5966
5967	5967
5968	5968
5969	5969
5970	5970
5971	5971
5972	5972
5973	5973
5974	5974
5975	5975
5976	5976
5977	5977
5978	5978
5979	5979
5980	5980
5981	5981
5982	5982
5983	5983
5984	5984
5985	5985
5986	5986
5987	5987
5988	5988
5989	5989
5990	5990
5991	5991
5992	5992
5993	5993
5994	5994
5995	5995
5996	5996
5997	5997
5998	5998
5999	5999
6000	6000
6001	6001
6002	6002
6003	6003
6004	6004
6005	6005
6006	6006
6007	6007
6008	6008
6009	6009
6010	6010
6011	6011
6012	6012
6013	6013
6014	6014
6015	6015
6016	6016
6017	6017
6018	6018
6019	6019
6020	6020
6021	6021
6022	6022
6023	6023
6024	6024
6025	6025
6026	6026
6027	6027
6028	6028
6029	6029
6030	6030
6031	6031
6032	6032
6033	6033
6034	6034
6035	6035
6036	6036
6037	6037
6038	6038
6039	6039
6040	6040
6041	6041
6042	6042
6043	6043
6044	6044
6045	6045
6046	6046
6047	6047
6048	6048
6049	6049
6050	6050
6051	6051
6052	6052
6053	6053
6054	6054
6055	6055
6056	6056
6057	6057
6058	6058
6059	6059
6060	6060
6061	6061
6062	6062
6063	6063
6064	6064
6065	6065
6066	6066
6067	6067
6068	6068
6069	6069
6070	6070
6071	6071
6072	6072
6073	6073
6074	6074
6075	6075
6076	6076
6077	6077
6078	6078
6079	6079
6080	6080
6081	6081
6082	6082
6083	6083
6084	6084
6085	6085
6086	6086
6087	6087
6088	6088
6089	6089
6090	6090
6091	6091
6092	6092
6093	6093
6094	6094
6095	6095
6096	6096
6097	6097
6098	6098
6099	6099
6100	6100
6101	6101
6102	6102
6103	6103
6104	6104
6105	6105
6106	6106
6107	6107
6108	6108
6109	6109
6110	6110
6111	6111
6112	6112
6113	6113
6114	6114
6115	6115
6116	6116
6117	6117
6118	6118
6119	6119
6120	6120
6121	6121
6122	6122
6123	6123
6124	6124
6125	6125
6126	6126
6127	6127
6128	6128
6129	6129
6130	6130
6131	6131
6132	6132
6133	6133
6134	6134
6135	6135
6136	6136
6137	6137
6138	6138
6139	6139
6140	6140
6141	6141
6142	6142
6143	6143
6144	6144
6145	6145
6146	6146
6147	6147
6148	6148
6149	6149
6150	6150
6151	6151
6152	6152
6153	6153
6154	6154
6155	6155
6156	6156
6157	6157
6158	6158
6159	6159
6160	6160
6161	6161
6162	6162
6163	6163
6164	6164
6165	6165
6166	6166
6167	6167
6168	6168
6169	6169
6170	6170
6171	6171
6172	6172
6173	6173
6174	6174
6175	6175
6176	6176
6177	6177
6178	6178
6179	6179
6180	6180
6181	6181
6182	6182
6183	6183
6184	6184
6185	6185
6186	6186
6187	6187
6188	6188
6189	6189
6190	6190
6191	6191
6192	6192
6193	6193
6194	6194
6195	6195
6196	6196
6197	6197
6198	6198
6199	6199
6200	6200
6201	6201
6202	6202
6203	6203
6204	6204
6205	6205
6206	6206
6207	6207
6208	6208
6209	6209
6210	6210
6211	6211
6212	6212
6213	6213
6214	6214
6215	6215
6216	6216
6217	6217
6218	6218
6219	6219
6220	6220
6221	6221
6222	6222
6223	6223
6224	6224
6225	6225
6226	6226
6227	6227
6228	6228
6229	6229
6230	6230
6231	6231
6232	6232
6233	6233
6234	6234
6235	6235
6236	6236
6237	6237
6238	6238
6239	6239
6240	6240
6241	6241
6242	6242
6243	6243
6244	6244
6245	6245
6246	6246
6247	6247
6248	6248
6249	6249
6250	6250
6251	6251
6252	6252
6253	6253
6254	6254
6255	6255
6256	6256
6257	6257
6258	6258
6259	6259
6260	6260
6261	6261
6262	6262
6263	6263
6264	6264
6265	6265
6266	6266
6267	6267
6268	6268
6269	6269
6270	6270
6271	6271
6272	6272
6273	6273
6274	6274
6275	6275
6276	6276
6277	6277
6278	6278
6279	6279
6280	6280
6281	6281
6282	6282
6283	6283
6284	6284
6285	6285
6286	6286
6287	6287
6288	6288
6289	6289
6290	6290
6291	6291
6292	6292
6293	6293
6294	6294
6295	6295
6296	6296
6297	6297
6298	6298
6299	6299
6300	6300
6301	6301
6302	6302
6303	6303
6304	6304
6305	6305
6306	6306
6307	6307
6308	6308
6309	6309
6310	6310
6311	6311
6312	6312
6313	6313
6314	6314
6315	6315
6316	6316
6317	6317
6318	6318
6319	6319
6320	6320
6321	6321
6322	6322
6323	6323
6324	6324
6325	6325
6326	6326
6327	6327
6328	6328
6329	6329
6330	6330
6331	6331
6332	6332
6333	6333
6334	6334
6335	6335
6336	6336
6337	6337
6338	6338
6339	6339
6340	6340
6341	6341
6342	6342
6343	6343
6344	6344
6345	6345
6346	6346
6347	6347
6348	6348
6349	6349
6350	6350
6351	6351
6352	6352
6353	6353
6354	6354
6355	6355
6356	6356
6357	6357
6358	6358
6359	6359
6360	6360
6361	6361
6362	6362
6363	6363
6364	6364
6365	6365
6366	6366
6367	6367
6368	6368
6369	6369
6370	6370
6371	6371
6372	6372
6373	6373
6374	6374
6375	6375
6376	6376
6377	6377
6378	6378
6379	6379
6380	6380
6381	6381
6382	6382
6383	6383
6384	6384
6385	6385
6386	6386
6387	6387
6388	6388
6389	6389
6390	6390
6391	6391
6392	6392
6393	6393
6394	6394
6395	6395
6396	6396
6397	6397
6398	6398
6399	6399
6400	6400
6401	6401
6402	6402
6403	6403
6404	6404
6405	6405
6406	6406
6407	6407
6408	6408
6409	6409
6410	6410
6411	6411
6412	6412
6413	6413
6414	6414
6415	6415
6416	6416
6417	6417
6418	6418
6419	6419
6420	6420
6421	6421
6422	6422
6423	6423
6424	6424
6425	6425
6426	6426
6427	6427
6428	6428
6429	6429
6430	6430
6431	6431
6432	6432
6433	6433
6434	6434
6435	6435
6436	6436
6437	6437
6438	6438
6439	6439
6440	6440
6441	6441
6442	6442
6443	6443
6444	6444
6445	6445
6446	6446
6447	6447
6448	6448
6449	6449
6450	6450
6451	6451
6452	6452
6453	6453
6454	6454
6455	6455
6456	6456
6457	6457
6458	6458
6459	6459
6460	6460
6461	6461
6462	6462
6463	6463
6464	6464
6465	6465
6466	6466
6467	6467
6468	6468
6469	6469
6470	6470
6471	6471
6472	6472
6473	6473
6474	6474
6475	6475
6476	6476
6477	6477
6478	6478
6479	6479
6480	6480
6481	6481
6482	6482
6483	6483
6484	6484
6485	6485
6486	6486
6487	6487
6488	6488
6489	6489
6490	6490
6491	6491
6492	6492
6493	6493
6494	6494
6495	6495
6496	6496
6497	6497
6498	6498
6499	6499
6500	6500
6501	6501
6502	6502
6503	6503
6504	6504
6505	6505
6506	6506
6507	6507
6508	6508
6509	6509
6510	6510
6511	6511
6512	6512
6513	6513
6514	6514
6515	6515
6516	6516
6517	6517
6518	6518
6519	6519
6520	6520
6521	6521
6522	6522
6523	6523
6524	6524
6525	6525
6526	6526
6527	6527
6528	6528
6529	6529
6530	6530
6531	6531
6532	6532
6533	6533
6534	6534
6535	6535
6536	6536
6537	6537
6538	6538
6539	6539
6540	6540
6541	6541
6542	6542
6543	6543
6544	6544
6545	6545
6546	6546
6547	6547
6548	6548
6549	6549
6550	6550
6551	6551
6552	6552
6553	6553
6554	6554
6555	6555
6556	6556
6557	6557
6558	6558
6559	6559
6560	6560
6561	6561
6562	6562
6563	6563
6564	6564
6565	6565
6566	6566
6567	6567
6568	6568
6569	6569
6570	6570
6571	6571
6572	6572
6573	6573
6574	6574
6575	6575
6576	6576
6577	6577
6578	6578
6579	6579
6580	6580
6581	6581
6582	6582
6583	6583
6584	6584
6585	6585
6586	6586
6587	6587
6588	6588
6589	6589
6590	6590
6591	6591
6592	6592
6593	6593
6594	6594
6595	6595
6596	6596
6597	6597
6598	6598
6599	6599
6600	6600
6601	6601
6602	6602
6603	6603
6604	6604
6605	6605
6606	6606
6607	6607
6608	6608
6609	6609
6610	6610
6611	6611
6612	6612
6613	6613
6614	6614
6615	6615
6616	6616
6617	6617
6618	6618
6619	6619
6620	6620
6621	6621
6622	6622
6623	6623
6624	6624
6625	6625
6626	6626
6627	6627
6628	6628
6629	6629
6630	6630
6631	6631
6632	6632
6633	6633
6634	6634
6635	6635
6636	6636
6637	6637
6638	6638
6639	6639
6640	6640
6641	6641
6642	6642
6643	6643
6644	6644
6645	6645
6646	6646
6647	6647
6648	6648
6649	6649
6650	6650
6651	6651
6652	6652
6653	6653
6654	6654
6655	6655
6656	6656
6657	6657
6658	6658
6659	6659
6660	6660
6661	6661
6662	6662
6663	6663
6664	6664
6665	6665
6666	6666
6667	6667
6668	6668
6669	6669
6670	6670
6671	6671
6672	6672
6673	6673
6674	6674
6675	6675
6676	6676
6677	6677
6678	6678
6679	6679
6680	6680
6681	6681
6682	6682
6683	6683
6684	6684
6685	6685
6686	6686
6687	6687
6688	6688
6689	6689
6690	6690
6691	6691
6692	6692
6693	6693
6694	6694
6695	6695
6696	6696
6697	6697
6698	6698
6699	6699
6700	6700
6701	6701
6702	6702
6703	6703
6704	6704
6705	6705
6706	6706
6707	6707
6708	6708
6709	6709
6710	6710
6711	6711
6712	6712
6713	6713
6714	6714
6715	6715
6716	6716
6717	6717
6718	6718
6719	6719
6720	6720
6721	6721
6722	6722
6723	6723
6724	6724
6725	6725
6726	6726
6727	6727
6728	6728
6729	6729
6730	6730
6731	6731
6732	6732
6733	6733
6734	6734
6735	6735
6736	6736
6737	6737
6738	6738
6739	6739
6740	6740
6741	6741
6742	6742
6743	6743
6744	6744
6745	6745
6746	6746
6747	6747
6748	6748
6749	6749
6750	6750
6751	6751
6752	6752
6753	6753
6754	6754
6755	6755
6756	6756
6757	6757
6758	6758
6759	6759
6760	6760
6761	6761
6762	6762
6763	6763
6764	6764
6765	6765
6766	6766
6767	6767
6768	6768
6769	6769
6770	6770
6771	6771
6772	6772
6773	6773
6774	6774
6775	6775
6776	6776
6777	6777
6778	6778
6779	6779
6780	6780
6781	6781
6782	6782
6783	6783
6784	6784
6785	6785
6786	6786
6787	6787
6788	6788
6789	6789
6790	6790
6791	6791
6792	6792
6793	6793
6794	6794
6795	6795
6796	6796
6797	6797
6798	6798
6799	6799
6800	6800
6801	6801
6802	6802
6803	6803
6804	6804
6805	6805
6806	6806
6807	6807
6808	6808
6809	6809
6810	6810
6811	6811
6812	6812
6813	6813
6814	6814
6815	6815
6816	6816
6817	6817
6818	6818
6819	6819
6820	6820
6821	6821
6822	6822
6823	6823
6824	6824
6825	6825
6826	6826
6827	6827
6828	6828
6829	6829
6830	6830
6831	6831
6832	6832
6833	6833
6834	6834
6835	6835
6836	6836
6837	6837
6838	6838
6839	6839
6840	6840
6841	6841
6842	6842
6843	6843
6844	6844
6845	6845
6846	6846
6847	6847
6848	6848
6849	6849
6850	6850
6851	6851
6852	6852
6853	6853
6854	6854
6855	6855
6856	6856
6857	6857
6858	6858
6859	6859
6860	6860
6861	6861
6862	6862
6863	6863
6864	6864
6865	6865
6866	6866
6867	6867
6868	6868
6869	6869
6870	6870
6871	6871
6872	6872
6873	6873
6874	6874
6875	6875
6876	6876
6877	6877
6878	6878
6879	6879
6880	6880
6881	6881
6882	6882
6883	6883
6884	6884
6885	6885
6886	6886
6887	6887
6888	6888
6889	6889
6890	6890
6891	6891
6892	6892
6893	6893
6894	6894
6895	6895
6896	6896
6897	6897
6898	6898
6899	6899
6900	6900
6901	6901
6902	6902
6903	6903
6904	6904
6905	6905
6906	6906
6907	6907
6908	6908
6909	6909
6910	6910
6911	6911
6912	6912
6913	6913
6914	6914
6915	6915
6916	6916
6917	6917
6918	6918
6919	6919
6920	6920
6921	6921
6922	6922
6923	6923
6924	6924
6925	6925
6926	6926
6927	6927
6928	6928
6929	6929
6930	6930
6931	6931
6932	6932
6933	6933
6934	6934
6935	6935
6936	6936
6937	6937
6938	6938
6939	6939
6940	6940
6941	6941
6942	6942
6943	6943
6944	6944
6945	6945
6946	6946
6947	6947
6948	6948
6949	6949
6950	6950
6951	6951
6952	6952
6953	6953
6954	6954
6955	6955
6956	6956
6957	6957
6958	6958
6959	6959
6960	6960
6961	6961
6962	6962
6963	6963
6964	6964
6965	6965
6966	6966
6967	6967
6968	6968
6969	6969
6970	6970
6971	6971
6972	6972
6973	6973
6974	6974
6975	6975
6976	6976
6977	6977
6978	6978
6979	6979
6980	6980
6981	6981
6982	6982
6983	6983
6984	6984
6985	6985
6986	6986
6987	6987
6988	6988
6989	6989
6990	6990
6991	6991
6992	6992
6993	6993
6994	6994
6995	6995
6996	6996
6997	6997
6998	6998
6999	6999
7000	7000
7001	7001
7002	7002
7003	7003
7004	7004
7005	7005
7006	7006
7007	7007
7008	7008
7009	7009
7010	7010
7011	7011
7012	7012
7013	7013
7014	7014
7015	7015
7016	7016
7017	7017
7018	7018
7019	7019
7020	7020
7021	7021
7022	7022
7023	7023
7024	7024
7025	7025
7026	7026
7027	7027
7028	7028
7029	7029
7030	7030
7031	7031
7032	7032
7033	7033
7034	7034
7035	7035
7036	7036
7037	7037
7038	7038
7039	7039
7040	7040
7041	7041
7042	7042
7043	7043
7044	7044
7045	7045
7046	7046
7047	7047
7048	7048
7049	7049
7050	7050
7051	7051
7052	7052
7053	7053
7054	7054
7055	7055
7056	7056
7057	7057
7058	7058
7059	7059
7060	7060
7061	7061
7062	7062
7063	7063
7064	7064
7065	7065
7066	7066
7067	7067
7068	7068
7069	7069
7070	7070
7071	7071
7072	7072
7073	7073
7074	7074
7075	7075
7076	7076
7077	7077
7078	7078
7079	7079
7080	7080
7081	7081
7082	7082
7083	7083
7084	7084
7085	7085
7086	7086
7087	7087
7088	7088
7089	7089
7090	7090
7091	7091
7092	7092
7093	7093
7094	7094
7095	7095
7096	7096
7097	7097
7098	7098
7099	7099
7100	7100
7101	7101
7102	7102
7103	7103
7104	7104
7105	7105
7106	7106
7107	7107
7108	7108
7109	7109
7110	7110
7111	7111
7112	7112
7113	7113
7114	7114
7115	7115
7116	7116
7117	7117
7118	7118
7119	7119
7120	7120
7121	7121
7122	7122
7123	7123
7124	7124
7125	7125
7126	7126
7127	7127
7128	7128
7129	7129
7130	7130
7131	7131
7132	7132
7133	7133
7134	7134
7135	7135
7136	7136
7137	7137
7138	7138
7139	7139
7140	7140
7141	7141
7142	7142
7143	7143
7144	7144
7145	7145
7146	7146
7147	7147
7148	7148
7149	7149
7150	7150
7151	7151
7152	7152
7153	7153
7154	7154
7155	7155
7156	7156
7157	7157
7158	7158
7159	7159
7160	7160
7161	7161
7162	7162
7163	7163
7164	7164
7165	7165
7166	7166
7167	7167
7168	7168
7169	7169
7170	7170
7171	7171
7172	7172
7173	7173
7174	7174
7175	7175
7176	7176
7177	7177
7178	7178
7179	7179
7180	7180
7181	7181
7182	7182
7183	7183
7184	7184
7185	7185
7186	7186
7187	7187
7188	7188
7189	7189
7190	7190
7191	7191
7192	7192
7193	7193
7194	7194
7195	7195
7196	7196
7197	7197
7198	7198
7199	7199
7200	7200
7201	7201
7202	7202
7203	7203
7204	7204
7205	7205
7206	7206
7207	7207
7208	7208
7209	7209
7210	7210
7211	7211
7212	7212
7213	7213
7214	7214
7215	7215
7216	7216
7217	7217
7218	7218
7219	7219
7220	7220
7221	7221
7222	7222
7223	7223
7224	7224
7225	7225
7226	7226
7227	7227
7228	7228
7229	7229
7230	7230
7231	7231
7232	7232
7233	7233
7234	7234
7235	7235
7236	7236
7237	7237
7238	7238
7239	7239
7240	7240
7241	7241
7242	7242
7243	7243
7244	7244
7245	7245
7246	7246
7247	7247
7248	7248
7249	7249
7250	7250
7251	7251
7252	7252
7253	7253
7254	7254
7255	7255
7256	7256
7257	7257
7258	7258
7259	7259
7260	7260
7261	7261
7262	7262
7263	7263
7264	7264
7265	7265
7266	7266
7267	7267
7268	7268
7269	7269
7270	7270
7271	7271
7272	7272
7273	7273
7274	7274
7275	7275
7276	7276
7277	7277
7278	7278
7279	7279
7280	7280
7281	7281
7282	7282
7283	7283
7284	7284
7285	7285
7286	7286
7287	7287
7288	7288
7289	7289
7290	7290
7291	7291
7292	7292
7293	7293
7294	7294
7295	7295
7296	7296
7297	7297
7298	7298
7299	7299
7300	7300
7301	7301
7302	7302
7303	7303
7304	7304
7305	7305
7306	7306
7307	7307
7308	7308
7309	7309
7310	7310
7311	7311
7312	7312
7313	7313
7314	7314
7315	7315
7316	7316
7317	7317
7318	7318
7319	7319
7320	7320
7321	7321
7322	7322
7323	7323
7324	7324
7325	7325
7326	7326
7327	7327
7328	7328
7329	7329
7330	7330
7331	7331
7332	7332
7333	7333
7334	7334
7335	7335
7336	7336
7337	7337
7338	7338
7339	7339
7340	7340
7341	7341
7342	7342
7343	7343
7344	7344
7345	7345
7346	7346
7347	7347
7348	7348
7349	7349
7350	7350
7351	7351
7352	7352
7353	7353
7354	7354
7355	7355
7356	7356
7357	7357
7358	7358
7359	7359
7360	7360
7361	7361
7362	7362
7363	7363
7364	7364
7365	7365
7366	7366
7367	7367
7368	7368
7369	7369
7370	7370
7371	7371
7372	7372
7373	7373
7374	7374
7375	7375
7376	7376
7377	7377
7378	7378
7379	7379
7380	7380
7381	7381
7382	7382
7383	7383
7384	7384
7385	7385
7386	7386
7387	7387
7388	7388
7389	7389
7390	7390
7391	7391
7392	7392
7393	7393
7394	7394
7395	7395
7396	7396
7397	7397
7398	7398
7399	7399
7400	7400
7401	7401
7402	7402
7403	7403
7404	7404
7405	7405
7406	7406
7407	7407
7408	7408
7409	7409
7410	7410
7411	7411
7412	7412
7413	7413
7414	7414
7415	7415
7416	7416
7417	7417
7418	7418
7419	7419
7420	7420
7421	7421
7422	7422
7423	7423
7424	7424
7425	7425
7426	7426
7427	7427
7428	7428
7429	7429
7430	7430
7431	7431
7432	7432
7433	7433
7434	7434
7435	7435
7436	7436
7437	7437
7438	7438
7439	7439
7440	7440
7441	7441
7442	7442
7443	7443
7444	7444
7445	7445
7446	7446
7447	7447
7448	7448
7449	7449
7450	7450
7451	7451
7452	7452
7453	7453
7454	7454
7455	7455
7456	7456
7457	7457
7458	7458
7459	7459
7460	7460
7461	7461
7462	7462
7463	7463
7464	7464
7465	7465
7466	7466
7467	7467
7468	7468
7469	7469
7470	7470
7471	7471
7472	7472
7473	7473
7474	7474
7475	7475
7476	7476
7477	7477
7478	7478
7479	7479
7480	7480
7481	7481
7482	7482
7483	7483
7484	7484
7485	7485
7486	7486
7487	7487
7488	7488
7489	7489
7490	7490
7491	7491
7492	7492
7493	7493
7494	7494
7495	7495
7496	7496
7497	7497
7498	7498
7499	7499
7500	7500
7501	7501
7502	7502
7503	7503
7504	7504
7505	7505
7506	7506
7507	7507
7508	7508
7509	7509
7510	7510
7511	7511
7512	7512
7513	7513
7514	7514
7515	7515
7516	7516
7517	7517
7518	7518
7519	7519
7520	7520
7521	7521
7522	7522
7523	7523
7524	7524
7525	7525
7526	7526
7527	7527
7528	7528
7529	7529
7530	7530
7531	7531
7532	7532
7533	7533
7534	7534
7535	7535
7536	7536
7537	7537
7538	7538
7539	7539
7540	7540
7541	7541
7542	7542
7543	7543
7544	7544
7545	7545
7546	7546
7547	7547
7548	7548
7549	7549
7550	7550
7551	7551
7552	7552
7553	7553
7554	7554
7555	7555
7556	7556
7557	7557
7558	7558
7559	7559
7560	7560
7561	7561
7562	7562
7563	7563
7564	7564
7565	7565
7566	7566
7567	7567
7568	7568
7569	7569
7570	7570
7571	7571
7572	7572
7573	7573
7574	7574
7575	7575
7576	7576
7577	7577
7578	7578
7579	7579
7580	7580
7581	7581
7582	7582
7583	7583
7584	7584
7585	7585
7586	7586
7587	7587
7588	7588
7589	7589
7590	7590
7591	7591
7592	7592
7593	7593
7594	7594
7595	7595
7596	7596
7597	7597
7598	7598
7599	7599
7600	7600
7601	7601
7602	7602
7603	7603
7604	7604
7605	7605
7606	7606
7607	7607
7608	7608
7609	7609
7610	7610
7611	7611
7612	7612
7613	7613
7614	7614
7615	7615
7616	7616
7617	7617
7618	7618
7619	7619
7620	7620
7621	7621
7622	7622
7623	7623
7624	7624
7625	7625
7626	7626
7627	7627
7628	7628
7629	7629
7630	7630
7631	7631
7632	7632
7633	7633
7634	7634
7635	7635
7636	7636
7637	7637
7638	7638
7639	7639
7640	7640
7641	7641
7642	7642
7643	7643
7644	7644
7645	7645
7646	7646
7647	7647
7648	7648
7649	7649
7650	7650
7651	7651
7652	7652
7653	7653
7654	7654
7655	7655
7656	7656
7657	7657
7658	7658
7659	7659
7660	7660
7661	7661
7662	7662
7663	7663
7664	7664
7665	7665
7666	7666
7667	7667
7668	7668
7669	7669
7670	7670
7671	7671
7672	7672
7673	7673
7674	7674
7675	7675
7676	7676
7677	7677
7678	7678
7679	7679
7680	7680
7681	7681
7682	7682
7683	7683
7684	7684
7685	7685
7686	7686
7687	7687
7688	7688
7689	7689
7690	7690
7691	7691
7692	7692
7693	7693
7694	7694
7695	7695
7696	7696
7697	7697
7698	7698
7699	7699
7700	7700
7701	7701
7702	7702
7703	7703
7704	7704
7705	7705
7706	7706
7707	7707
7708	7708
7709	7709
7710	7710
7711	7711
7712	7712
7713	7713
7714	7714
7715	7715
7716	7716
7717	7717
7718	7718
7719	7719
7720	7720
7721	7721
7722	7722
7723	7723
7724	7724
7725	7725
7726	7726
7727	7727
7728	7728
7729	7729
7730	7730
7731	7731
7732	7732
7733	7733
7734	7734
7735	7735
7736	7736
7737	7737
7738	7738
7739	7739
7740	7740
7741	7741
7742	7742
7743	7743
7744	7744
7745	7745
7746	7746
7747	7747
7748	7748
7749	7749
7750	7750
7751	7751
7752	7752
7753	7753
7754	7754
7755	7755
7756	7756
7757	7757
7758	7758
7759	7759
7760	7760
7761	7761
7762	7762
7763	7763
7764	7764
7765	7765
7766	7766
7767	7767
7768	7768
7769	7769
7770	7770
7771	7771
7772	7772
7773	7773
7774	7774
7775	7775
7776	7776
7777	7777
7778	7778
7779	7779
7780	7780
7781	7781
7782	7782
7783	7783
7784	7784
7785	7785
7786	7786
7787	7787
7788	7788
7789	7789
7790	7790
7791	7791
7792	7792
7793	7793
7794	7794
7795	7795
7796	7796
7797	7797
7798	7798
7799	7799
7800	7800
7801	7801
7802	7802
7803	7803
7804	7804
7805	7805
7806	7806
7807	7807
7808	7808
7809	7809
7810	7810
7811	7811
7812	7812
7813	7813
7814	7814
7815	7815
7816	7816
7817	7817
7818	7818
7819	7819
7820	7820
7821	7821
7822	7822
7823	7823
7824	7824
7825	7825
7826	7826
7827	7827
7828	7828
7829	7829
7830	7830
7831	7831
7832	7832
7833	7833
7834	7834
7835	7835
7836	7836
7837	7837
7838	7838
7839	7839
7840	7840
7841	7841
7842	7842
7843	7843
7844	7844
7845	7845
7846	7846
7847	7847
7848	7848
7849	7849
7850	7850
7851	7851
7852	7852
7853	7853
7854	7854
7855	7855
7856	7856
7857	7857
7858	7858
7859	7859
7860	7860
7861	7861
7862	7862
7863	7863
7864	7864
7865	7865
7866	7866
7867	7867
7868	7868
7869	7869
7870	7870
7871	7871
7872	7872
7873	7873
7874	7874
7875	7875
7876	7876
7877	7877
7878	7878
7879	7879
7880	7880
7881	7881
7882	7882
7883	7883
7884	7884
7885	7885
7886	7886
7887	7887
7888	7888
7889	7889
7890	7890
7891	7891
7892	7892
7893	7893
7894	7894
7895	7895
7896	7896
7897	7897
7898	7898
7899	7899
7900	7900
7901	7901
7902	7902
7903	7903
7904	7904
7905	7905
7906	7906
7907	7907
7908	7908
7909	7909
7910	7910
7911	7911
7912	7912
7913	7913
7914	7914
7915	7915
7916	7916
7917	7917
7918	7918
7919	7919
7920	7920
7921	7921
7922	7922
7923	7923
7924	7924
7925	7925
7926	7926
7927	7927
7928	7928
7929	7929
7930	7930
7931	7931
7932	7932
7933	7933
7934	7934
7935	7935
7936	7936
7937	7937
7938	7938
7939	7939
7940	7940
7941	7941
7942	7942
7943	7943
7944	7944
7945	7945
7946	7946
7947	7947
7948	7948
7949	7949
7950	7950
7951	7951
7952	7952
7953	7953
7954	7954
7955	7955
7956	7956
7957	7957
7958	7958
7959	7959
7960	7960
7961	7961
7962	7962
7963	7963
7964	7964
7965	7965
7966	7966
7967	7967
7968	7968
7969	7969
7970	7970
7971	7971
7972	7972
7973	7973
7974	7974
7975	7975
7976	7976
7977	7977
7978	7978
7979	7979
7980	7980
7981	7981
7982	7982
7983	7983
7984	7984
7985	7985
7986	7986
7987	7987
7988	7988
7989	7989
7990	7990
7991	7991
7992	7992
7993	7993
7994	7994
7995	7995
7996	7996
7997	7997
7998	7998
7999	7999
8000	8000
8001	8001
8002	8002
8003	8003
8004	8004
8005	8005
8006	8006
8007	8007
8008	8008
8009	8009
8010	8010
8011	8011
8012	8012
8013	8013
8014	8014
8015	8015
8016	8016
8017	8017
8018	8018
8019	8019
8020	8020
8021	8021
8022	8022
8023	8023
8024	8024
8025	8025
8026	8026
8027	8027
8028	8028
8029	8029
8030	8030
8031	8031
8032	8032
8033	8033
8034	8034
8035	8035
8036	8036
8037	8037
8038	8038
8039	8039
8040	8040
8041	8041
8042	8042
8043	8043
8044	8044
8045	8045
8046	8046
8047	8047
8048	8048
8049	8049
8050	8050
8051	8051
8052	8052
8053	8053
8054	8054
8055	8055
8056	8056
8057	8057
8058	8058
8059	8059
8060	8060
8061	8061
8062	8062
8063	8063
8064	8064
8065	8065
8066	8066
8067	8067
8068	8068
8069	8069
8070	8070
8071	8071
8072	8072
8073	8073
8074	8074
8075	8075
8076	8076
8077	8077
8078	8078
8079	8079
8080	8080
8081	8081
8082	8082
8083	8083
8084	8084
8085	8085
8086	8086
8087	8087
8088	8088
8089	8089
8090	8090
8091	8091
8092	8092
8093	8093
8094	8094
8095	8095
8096	8096
8097	8097
8098	8098
8099	8099
8100	8100
8101	8101
8102	8102
8103	8103
8104	8104
8105	8105
8106	8106
8107	8107
8108	8108
8109	8109
8110	8110
8111	8111
8112	8112
8113	8113
8114	8114
8115	8115
8116	8116
8117	8117
8118	8118
8119	8119
8120	8120
8121	8121
8122	8122
8123	8123
8124	8124
8125	8125
8126	8126
8127	8127
8128	8128
8129	8129
8130	8130
8131	8131
8132	8132
8133	8133
8134	8134
8135	8135
8136	8136
8137	8137
8138	8138
8139	8139
8140	8140
8141	8141
8142	8142
8143	8143
8144	8144
8145	8145
8146	8146
8147	8147
8148	8148
8149	8149
8150	8150
8151	8151
8152	8152
8153	8153
8154	8154
8155	8155
8156	8156
8157	8157
8158	8158
8159	8159
8160	8160
8161	8161
8162	8162
8163	8163
8164	8164
8165	8165
8166	8166
8167	8167
8168	8168
8169	8169
8170	8170
8171	8171
8172	8172
8173	8173
8174	8174
8175	8175
8176	8176
8177	8177
8178	8178
8179	8179
8180	8180
8181	8181
8182	8182
8183	8183
8184	8184
8185	8185
8186	8186
8187	8187
8188	8188
8189	8189
8190	8190
8191	8191
8192	8192
8193	8193
8194	8194
8195	8195
8196	8196
8197	8197
8198	8198
8199	8199
8200	8200
8201	8201
8202	8202
8203	8203
8204	8204
8205	8205
8206	8206
8207	8207
8208	8208
8209	8209
8210	8210
8211	8211
8212	8212
8213	8213
8214	8214
8215	8215
8216	8216
8217	8217
8218	8218
8219	8219
8220	8220
8221	8221
8222	8222
8223	8223
8224	8224
8225	8225
8226	8226
8227	8227
8228	8228
8229	8229
8230	8230
8231	8231
8232	8232
8233	8233
8234	8234
8235	8235
8236	8236
8237	8237
8238	8238
8239	8239
8240	8240
8241	8241
8242	8242
8243	8243
8244	8244
8245	8245
8246	8246
8247	8247
8248	8248
8249	8249
8250	8250
8251	8251
8252	8252
8253	8253
8254	8254
8255	8255
8256	8256
8257	8257
8258	8258
8259	8259
8260	8260
8261	8261
8262	8262
8263	8263
8264	8264
8265	8265
8266	8266
8267	8267
8268	8268
8269	8269
8270	8270
8271	8271
8272	8272
8273	8273
8274	8274
8275	8275
8276	8276
8277	8277
8278	8278
8279	8279
8280	8280
8281	8281
8282	8282
8283	8283
8284	8284
8285	8285
8286	8286
8287	8287
8288	8288
8289	8289
8290	8290
8291	8291
8292	8292
8293	8293
8294	8294
8295	8295
8296	8296
8297	8297
8298	8298
8299	8299
8300	8300
8301	8301
8302	8302
8303	8303
8304	8304
8305	8305
8306	8306
8307	8307
8308	8308
8309	8309
8310	8310
8311	8311
8312	8312
8313	8313
8314	8314
8315	8315
8316	8316
8317	8317
8318	8318
8319	8319
8320	8320
8321	8321
8322	8322
8323	8323
8324	8324
8325	8325
8326	8326
8327	8327
8328	8328
8329	8329
8330	8330
8331	8331
8332	8332
8333	8333
8334	8334
8335	8335
8336	8336
8337	8337
8338	8338
8339	8339
8340	8340
8341	8341
8342	8342
8343	8343
8344	8344
8345	8345
8346	8346
8347	8347
8348	8348
8349	8349
8350	8350
8351	8351
8352	8352
8353	8353
8354	8354
8355	8355
8356	8356
8357	8357
8358	8358
8359	8359
8360	8360
8361	8361
8362	8362
8363	8363
8364	8364
8365	8365
8366	8366
8367	8367
8368	8368
8369	8369
8370	8370
8371	8371
8372	8372
8373	8373
8374	8374
8375	8375
8376	8376
8377	8377
8378	8378
8379	8379
8380	8380
8381	8381
8382	8382
8383	8383
8384	8384
8385	8385
8386	8386
8387	8387
8388	8388
8389	8389
8390	8390
8391	8391
8392	8392
8393	8393
8394	8394
8395	8395
8396	8396
8397	8397
8398	8398
8399	8399
8400	8400
8401	8401
8402	8402
8403	8403
8404	8404
8405	8405
8406	8406
8407	8407
8408	8408
8409	8409
8410	8410
8411	8411
8412	8412
8413	8413
8414	8414
8415	8415
8416	8416
8417	8417
8418	8418
8419	8419
8420	8420
8421	8421
8422	8422
8423	8423
8424	8424
8425	8425
8426	8426
8427	8427
8428	8428
8429	8429
8430	8430
8431	8431
8432	8432
8433	8433
8434	8434
8435	8435
8436	8436
8437	8437
8438	8438
8439	8439
8440	8440
8441	8441
8442	8442
8443	8443
8444	8444
8445	8445
8446	8446
8447	8447
8448	8448
8449	8449
8450	8450
8451	8451
8452	8452
8453	8453
8454	8454
8455	8455
8456	8456
8457	8457
8458	8458
8459	8459
8460	8460
8461	8461
8462	8462
8463	8463
8464	8464
8465	8465
8466	8466
8467	8467
8468	8468
8469	8469
8470	8470
8471	8471
8472	8472
8473	8473
8474	8474
8475	8475
8476	8476
8477	8477
8478	8478
8479	8479
8480	8480
8481	8481
8482	8482
8483	8483
8484	8484
8485	8485
8486	8486
8487	8487
8488	8488
8489	8489
8490	8490
8491	8491
8492	8492
8493	8493
8494	8494
8495	8495
8496	8496
8497	8497
8498	8498
8499	8499
8500	8500
8501	8501
8502	8502
8503	8503
8504	8504
8505	8505
8506	8506
8507	8507
8508	8508
8509	8509
8510	8510
8511	8511
8512	8512
8513	8513
8514	8514
8515	8515
8516	8516
8517	8517
8518	8518
8519	8519
8520	8520
8521	8521
8522	8522
8523	8523
8524	8524
8525	8525
8526	8526
8527	8527
8528	8528
8529	8529
8530	8530
8531	8531
8532	8532
8533	8533
8534	8534
8535	8535
8536	8536
8537	8537
8538	8538
8539	8539
8540	8540
8541	8541
8542	8542
8543	8543
8544	8544
8545	8545
8546	8546
8547	8547
8548	8548
8549	8549
8550	8550
8551	8551
8552	8552
8553	8553
8554	8554
8555	8555
8556	8556
8557	8557
8558	8558
8559	8559
8560	8560
8561	8561
8562	8562
8563	8563
8564	8564
8565	8565
8566	8566
8567	8567
8568	8568
8569	8569
8570	8570
8571	8571
8572	8572
8573	8573
8574	8574
8575	8575
8576	8576
8577	8577
8578	8578
8579	8579
8580	8580
8581	8581
8582	8582
8583	8583
8584	8584
8585	8585
8586	8586
8587	8587
8588	8588
8589	8589
8590	8590
8591	8591
8592	8592
8593	8593
8594	8594
8595	8595
8596	8596
8597	8597
8598	8598
8599	8599
8600	8600
8601	8601
8602	8602
8603	8603
8604	8604
8605	8605
8606	8606
8607	8607
8608	8608
8609	8609
8610	8610
8611	8611
8612	8612
8613	8613
8614	8614
8615	8615
8616	8616
8617	8617
8618	8618
8619	8619
8620	8620
8621	8621
8622	8622
8623	8623
8624	8624
8625	8625
8626	8626
8627	8627
8628	8628
8629	8629
8630	8630
8631	8631
8632	8632
8633	8633
8634	8634
8635	8635
8636	8636
8637	8637
8638	8638
8639	8639
8640	8640
8641	8641
8642	8642
8643	8643
8644	8644
8645	8645
8646	8646
8647	8647
8648	8648
8649	8649
8650	8650
8651	8651
8652	8652
8653	8653
8654	8654
8655	8655
8656	8656
8657	8657
8658	8658
8659	8659
8660	8660
8661	8661
8662	8662
8663	8663
8664	8664
8665	8665
8666	8666
8667	8667
8668	8668
8669	8669
8670	8670
8671	8671
8672	8672
8673	8673
8674	8674
8675	8675
8676	8676
8677	8677
8678	8678
8679	8679
8680	8680
8681	8681
8682	8682
8683	8683
8684	8684
8685	8685
8686	8686
8687	8687
8688	8688
8689	8689
8690	8690
8691	8691
8692	8692
8693	8693
8694	8694
8695	8695
8696	8696
8697	8697
8698	8698
8699	8699
8700	8700
8701	8701
8702	8702
8703	8703
8704	8704
8705	8705
8706	8706
8707	8707
8708	8708
8709	8709
8710	8710
8711	8711
8712	8712
8713	8713
8714	8714
8715	8715
8716	8716
8717	8717
8718	8718
8719	8719
8720	8720
8721	8721
8722	8722
8723	8723
8724	8724
8725	8725
8726	8726
8727	8727
8728	8728
8729	8729
8730	8730
8731	8731
8732	8732
8733	8733
8734	8734
8735	8735
8736	8736
8737	8737
8738	8738
8739	8739
8740	8740
8741	8741
8742	8742
8743	8743
8744	8744
8745	8745
8746	8746
8747	8747
8748	8748
8749	8749
8750	8750
8751	8751
8752	8752
8753	8753
8754	8754
8755	8755
8756	8756
8757	8757
8758	8758
8759	8759
8760	8760
8761	8761
8762	8762
8763	8763
8764	8764
8765	8765
8766	8766
8767	8767
8768	8768
8769	8769
8770	8770
8771	8771
8772	8772
8773	8773
8774	8774
8775	8775
8776	8776
8777	8777
8778	8778
8779	8779
8780	8780
8781	8781
8782	8782
8783	8783
8784	8784
8785	8785
8786	8786
8787	8787
8788	8788
8789	8789
8790	8790
8791	8791
8792	8792
8793	8793
8794	8794
8795	8795
8796	8796
8797	8797
8798	8798
8799	8799
8800	8800
8801	8801
8802	8802
8803	8803
8804	8804
8805	8805
8806	8806
8807	8807
8808	8808
8809	8809
8810	8810
8811	8811
8812	8812
8813	8813
8814	8814
8815	8815
8816	8816
8817	8817
8818	8818
8819	8819
8820	8820
8821	8821
8822	8822
8823	8823
8824	8824
8825	8825
8826	8826
8827	8827
8828	8828
8829	8829
8830	8830
8831	8831
8832	8832
8833	8833
8834	8834
8835	8835
8836	8836
8837	8837
8838	8838
8839	8839
8840	8840
8841	8841
8842	8842
8843	8843
8844	8844
8845	8845
8846	8846
8847	8847
8848	8848
8849	8849
8850	8850
8851	8851
8852	8852
8853	8853
8854	8854
8855	8855
8856	8856
8857	8857
8858	8858
8859	8859
8860	8860
8861	8861
8862	8862
8863	8863
8864	8864
8865	8865
8866	8866
8867	8867
8868	8868
8869	8869
8870	8870
8871	8871
8872	8872
8873	8873
8874	8874
8875	8875
8876	8876
8877	8877
8878	8878
8879	8879
8880	8880
8881	8881
8882	8882
8883	8883
8884	8884
8885	8885
8886	8886
8887	8887
8888	8888
8889	8889
8890	8890
8891	8891
8892	8892
8893	8893
8894	8894
8895	8895
8896	8896
8897	8897
8898	8898
8899	8899
8900	8900
8901	8901
8902	8902
8903	8903
8904	8904
8905	8905
8906	8906
8907	8907
8908	8908
8909	8909
8910	8910
8911	8911
8912	8912
8913	8913
8914	8914
8915	8915
8916	8916
8917	8917
8918	8918
8919	8919
8920	8920
8921	8921
8922	8922
8923	8923
8924	8924
8925	8925
8926	8926
8927	8927
8928	8928
8929	8929
8930	8930
8931	8931
8932	8932
8933	8933
8934	8934
8935	8935
8936	8936
8937	8937
8938	8938
8939	8939
8940	8940
8941	8941
8942	8942
8943	8943
8944	8944
8945	8945
8946	8946
8947	8947
8948	8948
8949	8949
8950	8950
8951	8951
8952	8952
8953	8953
8954	8954
8955	8955
8956	8956
8957	8957
8958	8958
8959	8959
8960	8960
8961	8961
8962	8962
8963	8963
8964	8964
8965	8965
8966	8966
8967	8967
8968	8968
8969	8969
8970	8970
8971	8971
8972	8972
8973	8973
8974	8974
8975	8975
8976	8976
8977	8977
8978	8978
8979	8979
8980	8980
8981	8981
8982	8982
8983	8983
8984	8984
8985	8985
8986	8986
8987	8987
8988	8988
8989	8989
8990	8990
8991	8991
8992	8992
8993	8993
8994	8994
8995	8995
8996	8996
8997	8997
8998	8998
8999	8999
9000	9000
9001	9001
9002	9002
9003	9003
9004	9004
9005	9005
9006	9006
9007	9007
9008	9008
9009	9009
9010	9010
9011	9011
9012	9012
9013	9013
9014	9014
9015	9015
9016	9016
9017	9017
9018	9018
9019	9019
9020	9020
9021	9021
9022	9022
9023	9023
9024	9024
9025	9025
9026	9026
9027	9027
9028	9028
9029	9029
9030	9030
9031	9031
9032	9032
9033	9033
9034	9034
9035	9035
9036	9036
9037	9037
9038	9038
9039	9039
9040	9040
9041	9041
9042	9042
9043	9043
9044	9044
9045	9045
9046	9046
9047	9047
9048	9048
9049	9049
9050	9050
9051	9051
9052	9052
9053	9053
9054	9054
9055	9055
9056	9056
9057	9057
9058	9058
9059	9059
9060	9060
9061	9061
9062	9062
9063	9063
9064	9064
9065	9065
9066	9066
9067	9067
9068	9068
9069	9069
9070	9070
9071	9071
9072	9072
9073	9073
9074	9074
9075	9075
9076	9076
9077	9077
9078	9078
9079	9079
9080	9080
9081	9081
9082	9082
9083	9083
9084	9084
9085	9085
9086	9086
9087	9087
9088	9088
9089	9089
9090	9090
9091	9091
9092	9092
9093	9093
9094	9094
9095	9095
9096	9096
9097	9097
9098	9098
9099	9099
9100	9100
9101	9101
9102	9102
9103	9103
9104	9104
9105	9105
9106	9106
9107	9107
9108	9108
9109	9109
9110	9110
9111	9111
9112	9112
9113	9113
9114	9114
9115	9115
9116	9116
9117	9117
9118	9118
9119	9119
9120	9120
9121	9121
9122	9122
9123	9123
9124	9124
9125	9125
9126	9126
9127	9127
9128	9128
9129	9129
9130	9130
9131	9131
9132	9132
9133	9133
9134	9134
9135	9135
9136	9136
9137	9137
9138	9138
9139	9139
9140	9140
9141	9141
9142	9142
9143	9143
9144	9144
9145	9145
9146	9146
9147	9147
9148	9148
9149	9149
9150	9150
9151	9151
9152	9152
9153	9153
9154	9154
9155	9155
9156	9156
9157	9157
9158	9158
9159	9159
9160	9160
9161	9161
9162	9162
9163	9163
9164	9164
9165	9165
9166	9166
9167	9167
9168	9168
9169	9169
9170	9170
9171	9171
9172	9172
9173	9173
9174	9174
9175	9175
9176	9176
9177	9177
9178	9178
9179	9179
9180	9180
9181	9181
9182	9182
9183	9183
9184	9184
9185	9185
9186	9186
9187	9187
9188	9188
9189	9189
9190	9190
9191	9191
9192	9192
9193	9193
9194	9194
9195	9195
9196	9196
9197	9197
9198	9198
9199	9199
9200	9200
9201	9201
9202	9202
9203	9203
9204	9204
9205	9205
9206	9206
9207	9207
9208	9208
9209	9209
9210	9210
9211	9211
9212	9212
9213	9213
9214	9214
9215	9215
9216	9216
9217	9217
9218	9218
9219	9219
9220	9220
9221	9221
9222	9222
9223	9223
9224	9224
9225	9225
9226	9226
9227	9227
9228	9228
9229	9229
9230	9230
9231	9231
9232	9232
9233	9233
9234	9234
9235	9235
9236	9236
9237	9237
9238	9238
9239	9239
9240	9240
9241	9241
9242	9242
9243	9243
9244	9244
9245	9245
9246	9246
9247	9247
9248	9248
9249	9249
9250	9250
9251	9251
9252	9252
9253	9253
9254	9254
9255	9255
9256	9256
9257	9257
9258	9258
9259	9259
9260	9260
9261	9261
9262	9262
9263	9263
9264	9264
9265	9265
9266	9266
9267	9267
9268	9268
9269	9269
9270	9270
9271	9271
9272	9272
9273	9273
9274	9274
9275	9275
9276	9276
9277	9277
9278	9278
9279	9279
9280	9280
9281	9281
9282	9282
9283	9283
9284	9284
9285	9285
9286	9286
9287	9287
9288	9288
9289	9289
9290	9290
9291	9291
9292	9292
9293	9293
9294	9294
9295	9295
9296	9296
9297	9297
9298	9298
9299	9299
9300	9300
9301	9301
9302	9302
9303	9303
9304	9304
9305	9305
9306	9306
9307	9307
9308	9308
9309	9309
9310	9310
9311	9311
9312	9312
9313	9313
9314	9314
9315	9315
9316	9316
9317	9317
9318	9318
9319	9319
9320	9320
9321	9321
9322	9322
9323	9323
9324	9324
9325	9325
9326	9326
9327	9327
9328	9328
9329	9329
9330	9330
9331	9331
9332	9332
9333	9333
9334	9334
9335	9335
9336	9336
9337	9337
9338	9338
9339	9339
9340	9340
9341	9341
9342	9342
9343	9343
9344	9344
9345	9345
9346	9346
9347	9347
9348	9348
9349	9349
9350	9350
9351	9351
9352	9352
9353	9353
9354	9354
9355	9355
9356	9356
9357	9357
9358	9358
9359	9359
9360	9360
9361	9361
9362	9362
9363	9363
9364	9364
9365	9365
