org_id	remap_id
32	0
22	1
20	2
26	3
23	4
28	5
31	6
30	7
27	8
24	9
25	10
33	11
37	12
38	13
40	14
39	15
36	16
41	17
43	18
42	19
44	20
48	21
53	22
57	23
55	24
51	25
46	26
47	27
49	28
50	29
52	30
56	31
67	32
59	33
63	34
62	35
58	36
66	37
65	38
69	39
70	40
60	41
64	42
68	43
75	44
80	45
81	46
74	47
78	48
77	49
76	50
72	51
87	52
92	53
82	54
85	55
83	56
84	57
90	58
88	59
86	60
103	61
95	62
98	63
97	64
96	65
93	66
100	67
94	68
101	69
105	70
106	71
108	72
111	73
110	74
107	75
114	76
113	77
112	78
104	79
116	80
117	81
79	82
123	83
122	84
119	85
126	86
118	87
121	88
124	89
131	90
128	91
135	92
130	93
137	94
127	95
133	96
132	97
129	98
148	99
149	100
142	101
145	102
146	103
138	104
143	105
139	106
144	107
141	108
140	109
150	110
153	111
151	112
155	113
164	114
166	115
157	116
162	117
154	118
161	119
159	120
158	121
156	122
165	123
177	124
175	125
181	126
167	127
178	128
183	129
168	130
174	131
179	132
182	133
170	134
176	135
172	136
171	137
169	138
185	139
184	140
187	141
193	142
192	143
189	144
190	145
188	146
197	147
200	148
195	149
199	150
201	151
207	152
205	153
204	154
206	155
214	156
211	157
210	158
208	159
125	160
216	161
212	162
215	163
217	164
219	165
220	166
102	167
213	168
224	169
221	170
34	171
227	172
225	173
228	174
109	175
222	176
229	177
226	178
236	179
235	180
230	181
233	182
232	183
237	184
73	185
239	186
241	187
246	188
250	189
245	190
243	191
251	192
242	193
244	194
249	195
3	196
247	197
253	198
254	199
255	200
252	201
260	202
264	203
265	204
261	205
259	206
256	207
257	208
262	209
258	210
266	211
115	212
267	213
268	214
270	215
271	216
273	217
277	218
272	219
275	220
276	221
274	222
282	223
281	224
280	225
283	226
279	227
286	228
289	229
285	230
288	231
284	232
291	233
287	234
294	235
297	236
296	237
292	238
191	239
299	240
302	241
305	242
301	243
303	244
310	245
317	246
311	247
308	248
314	249
312	250
316	251
318	252
306	253
309	254
315	255
293	256
322	257
319	258
321	259
6	260
323	261
325	262
328	263
320	264
326	265
344	266
341	267
337	268
345	269
333	270
343	271
329	272
332	273
340	274
342	275
338	276
339	277
334	278
330	279
331	280
336	281
347	282
346	283
349	284
350	285
351	286
353	287
354	288
352	289
355	290
45	291
357	292
360	293
358	294
356	295
361	296
196	297
359	298
365	299
363	300
368	301
371	302
372	303
367	304
369	305
366	306
364	307
376	308
134	309
375	310
374	311
377	312
378	313
61	314
380	315
381	316
379	317
385	318
384	319
16	320
54	321
386	322
390	323
389	324
388	325
387	326
391	327
394	328
209	329
393	330
399	331
397	332
403	333
400	334
401	335
218	336
402	337
120	338
404	339
408	340
405	341
410	342
409	343
406	344
412	345
425	346
413	347
419	348
426	349
420	350
417	351
411	352
424	353
421	354
414	355
416	356
418	357
415	358
422	359
430	360
429	361
427	362
431	363
435	364
436	365
434	366
437	367
445	368
443	369
442	370
446	371
438	372
440	373
448	374
444	375
441	376
447	377
439	378
463	379
456	380
462	381
465	382
460	383
450	384
459	385
449	386
464	387
454	388
455	389
461	390
451	391
457	392
452	393
471	394
467	395
470	396
472	397
468	398
473	399
479	400
478	401
476	402
475	403
474	404
477	405
481	406
480	407
485	408
483	409
487	410
484	411
482	412
489	413
492	414
488	415
486	416
491	417
494	418
493	419
498	420
496	421
501	422
503	423
502	424
499	425
507	426
517	427
510	428
514	429
512	430
521	431
519	432
509	433
520	434
515	435
516	436
513	437
523	438
522	439
527	440
530	441
525	442
295	443
526	444
528	445
524	446
529	447
532	448
531	449
533	450
535	451
537	452
534	453
536	454
539	455
540	456
538	457
542	458
13	459
544	460
543	461
545	462
546	463
550	464
557	465
548	466
559	467
553	468
556	469
552	470
555	471
547	472
549	473
551	474
560	475
561	476
562	477
99	478
566	479
564	480
572	481
569	482
567	483
571	484
573	485
568	486
136	487
575	488
579	489
577	490
580	491
574	492
581	493
582	494
578	495
583	496
588	497
586	498
585	499
590	500
600	501
605	502
603	503
598	504
599	505
592	506
594	507
601	508
597	509
593	510
606	511
595	512
602	513
596	514
591	515
616	516
610	517
621	518
614	519
617	520
619	521
620	522
611	523
609	524
612	525
613	526
618	527
607	528
622	529
646	530
639	531
634	532
644	533
632	534
628	535
637	536
636	537
645	538
625	539
627	540
623	541
641	542
630	543
642	544
629	545
640	546
633	547
631	548
638	549
647	550
649	551
656	552
651	553
653	554
650	555
654	556
652	557
655	558
658	559
432	560
657	561
659	562
661	563
660	564
662	565
666	566
453	567
664	568
668	569
665	570
667	571
663	572
669	573
670	574
163	575
671	576
673	577
672	578
674	579
682	580
683	581
689	582
687	583
685	584
688	585
681	586
677	587
686	588
679	589
684	590
680	591
692	592
693	593
690	594
691	595
223	596
696	597
695	598
697	599
699	600
700	601
698	602
702	603
701	604
711	605
707	606
709	607
704	608
706	609
710	610
705	611
703	612
708	613
712	614
713	615
714	616
719	617
608	618
718	619
715	620
720	621
726	622
722	623
725	624
724	625
733	626
732	627
728	628
729	629
727	630
731	631
730	632
198	633
734	634
736	635
739	636
740	637
744	638
743	639
748	640
7	641
749	642
753	643
12	644
751	645
746	646
742	647
752	648
757	649
755	650
754	651
762	652
758	653
759	654
760	655
768	656
769	657
767	658
764	659
770	660
763	661
765	662
775	663
771	664
776	665
774	666
777	667
780	668
787	669
782	670
781	671
779	672
788	673
785	674
786	675
778	676
784	677
795	678
794	679
793	680
797	681
791	682
790	683
792	684
796	685
789	686
799	687
798	688
801	689
802	690
803	691
806	692
804	693
805	694
807	695
809	696
816	697
820	698
810	699
811	700
818	701
813	702
160	703
812	704
817	705
815	706
814	707
823	708
824	709
827	710
821	711
825	712
822	713
828	714
830	715
832	716
831	717
836	718
756	719
834	720
833	721
504	722
839	723
837	724
838	725
840	726
842	727
841	728
91	729
373	730
849	731
844	732
856	733
843	734
853	735
845	736
851	737
846	738
852	739
847	740
848	741
854	742
857	743
859	744
0	745
4	746
858	747
861	748
860	749
862	750
864	751
870	752
873	753
874	754
872	755
878	756
876	757
877	758
875	759
881	760
879	761
891	762
882	763
884	764
883	765
890	766
886	767
887	768
889	769
888	770
896	771
894	772
892	773
895	774
898	775
897	776
899	777
900	778
901	779
902	780
911	781
910	782
913	783
907	784
914	785
905	786
903	787
908	788
508	789
909	790
904	791
772	792
917	793
916	794
921	795
923	796
919	797
920	798
930	799
925	800
926	801
927	802
928	803
35	804
929	805
17	806
931	807
871	808
941	809
939	810
943	811
945	812
932	813
942	814
944	815
935	816
933	817
936	818
938	819
940	820
949	821
948	822
954	823
952	824
955	825
951	826
953	827
238	828
950	829
956	830
957	831
972	832
835	833
969	834
968	835
975	836
970	837
971	838
973	839
721	840
977	841
863	842
984	843
981	844
982	845
985	846
979	847
988	848
986	849
987	850
990	851
989	852
997	853
998	854
1000	855
1006	856
1007	857
1003	858
1008	859
1012	860
1014	861
1015	862
918	863
1019	864
1018	865
1020	866
1021	867
996	868
1023	869
395	870
808	871
1025	872
1034	873
1029	874
1027	875
1031	876
1032	877
1033	878
1030	879
1036	880
1042	881
1035	882
1044	883
1043	884
893	885
1040	886
1041	887
1038	888
1037	889
1045	890
1047	891
1048	892
1050	893
1051	894
1058	895
1055	896
1060	897
1056	898
1059	899
1054	900
1052	901
1061	902
1057	903
1063	904
1068	905
1066	906
1064	907
1070	908
1071	909
1069	910
1073	911
1074	912
1077	913
1076	914
1084	915
1082	916
1081	917
1079	918
1078	919
1085	920
1039	921
1086	922
1087	923
1090	924
1091	925
1088	926
1092	927
1097	928
1098	929
1096	930
1099	931
1106	932
1108	933
1107	934
300	935
1110	936
1111	937
1113	938
1114	939
1109	940
1115	941
1117	942
1116	943
505	944
1118	945
1123	946
1121	947
1122	948
1119	949
1128	950
1132	951
1131	952
1125	953
1127	954
1134	955
1130	956
1124	957
1126	958
1129	959
1136	960
1137	961
1139	962
1138	963
1143	964
1144	965
382	966
1142	967
1145	968
1151	969
1148	970
1149	971
1146	972
1150	973
1147	974
1152	975
1153	976
1154	977
1157	978
392	979
1161	980
1167	981
1163	982
1160	983
1165	984
1162	985
1158	986
1166	987
1016	988
1171	989
1170	990
1172	991
1168	992
1173	993
1174	994
231	995
1178	996
1176	997
1175	998
1177	999
1179	1000
541	1001
89	1002
1180	1003
1183	1004
1181	1005
1182	1006
1188	1007
1190	1008
761	1009
1193	1010
1194	1011
1192	1012
1195	1013
1196	1014
1197	1015
1199	1016
1198	1017
1201	1018
1206	1019
1202	1020
1204	1021
1208	1022
735	1023
1211	1024
1209	1025
1212	1026
1213	1027
1216	1028
1215	1029
1214	1030
1217	1031
1218	1032
1219	1033
1221	1034
362	1035
1222	1036
1223	1037
1227	1038
1225	1039
1226	1040
202	1041
1228	1042
1230	1043
1231	1044
1239	1045
1240	1046
1243	1047
1241	1048
1242	1049
1244	1050
1245	1051
263	1052
1246	1053
1247	1054
1251	1055
1248	1056
1254	1057
1256	1058
1252	1059
1257	1060
1258	1061
1259	1062
1260	1063
1263	1064
1261	1065
1262	1066
1265	1067
1266	1068
1200	1069
1267	1070
8	1071
15	1072
1272	1073
1268	1074
1273	1075
307	1076
1270	1077
10	1078
1274	1079
915	1080
1279	1081
1276	1082
1277	1083
1275	1084
1280	1085
1278	1086
1283	1087
1281	1088
1282	1089
906	1090
924	1091
1286	1092
1291	1093
1284	1094
1290	1095
1292	1096
947	1097
1288	1098
1285	1099
1220	1100
1293	1101
1294	1102
1093	1103
1295	1104
1297	1105
1298	1106
1301	1107
1300	1108
1302	1109
1303	1110
738	1111
1304	1112
589	1113
1312	1114
1313	1115
1311	1116
1309	1117
1315	1118
1317	1119
1314	1120
1318	1121
934	1122
1320	1123
1319	1124
14	1125
11	1126
1321	1127
1323	1128
1322	1129
398	1130
1324	1131
1325	1132
1326	1133
1327	1134
1330	1135
1331	1136
1332	1137
1249	1138
1334	1139
1337	1140
1339	1141
1335	1142
1338	1143
1336	1144
1341	1145
1342	1146
1022	1147
1351	1148
1348	1149
1347	1150
1350	1151
1345	1152
1349	1153
1352	1154
1353	1155
1357	1156
1361	1157
1358	1158
1355	1159
1359	1160
1364	1161
1365	1162
1369	1163
1370	1164
1374	1165
1375	1166
1368	1167
1333	1168
1372	1169
1373	1170
1383	1171
1377	1172
1382	1173
1379	1174
1378	1175
1381	1176
1388	1177
1385	1178
1389	1179
1384	1180
1387	1181
1253	1182
615	1183
1395	1184
1140	1185
1394	1186
1393	1187
1391	1188
1396	1189
1400	1190
1399	1191
1397	1192
1401	1193
469	1194
1403	1195
1103	1196
1404	1197
1406	1198
1405	1199
1407	1200
1408	1201
1234	1202
1224	1203
1414	1204
1409	1205
1410	1206
1413	1207
1411	1208
1412	1209
1418	1210
1415	1211
1417	1212
1419	1213
1316	1214
1420	1215
1422	1216
5	1217
1186	1218
1424	1219
1184	1220
1426	1221
1428	1222
1425	1223
1427	1224
1433	1225
1431	1226
1432	1227
1435	1228
1430	1229
1436	1230
826	1231
1437	1232
1439	1233
1443	1234
1441	1235
1440	1236
21	1237
1444	1238
147	1239
1442	1240
1446	1241
1445	1242
1447	1243
1448	1244
1451	1245
1449	1246
1344	1247
1450	1248
747	1249
1453	1250
1454	1251
348	1252
1455	1253
976	1254
269	1255
1457	1256
1459	1257
1458	1258
1461	1259
1462	1260
1463	1261
1464	1262
1465	1263
1185	1264
946	1265
1467	1266
1469	1267
433	1268
1468	1269
1470	1270
1471	1271
1472	1272
1473	1273
1475	1274
1476	1275
1026	1276
1479	1277
1484	1278
1483	1279
1486	1280
1485	1281
1480	1282
962	1283
1482	1284
1488	1285
1489	1286
1495	1287
1493	1288
1494	1289
1497	1290
1498	1291
1500	1292
1499	1293
1502	1294
1501	1295
1503	1296
1504	1297
1505	1298
1506	1299
1507	1300
304	1301
1508	1302
1511	1303
1510	1304
1514	1305
1513	1306
1517	1307
1516	1308
1512	1309
1100	1310
1515	1311
1496	1312
497	1313
1519	1314
500	1315
1520	1316
1521	1317
1525	1318
1527	1319
1526	1320
1530	1321
1533	1322
1528	1323
1534	1324
1529	1325
1105	1326
1532	1327
1010	1328
958	1329
867	1330
1536	1331
1537	1332
1539	1333
1538	1334
1545	1335
1542	1336
1541	1337
1546	1338
1544	1339
1543	1340
1548	1341
1547	1342
1549	1343
1550	1344
1551	1345
1552	1346
1553	1347
1554	1348
1557	1349
1562	1350
1565	1351
1559	1352
1561	1353
1566	1354
1569	1355
1564	1356
1567	1357
1563	1358
1570	1359
1572	1360
1575	1361
1574	1362
1235	1363
1576	1364
1578	1365
1579	1366
1577	1367
800	1368
1582	1369
1583	1370
1518	1371
1580	1372
1581	1373
1584	1374
1591	1375
1590	1376
1594	1377
1095	1378
1592	1379
1596	1380
1597	1381
1189	1382
1599	1383
1598	1384
1601	1385
850	1386
1602	1387
1603	1388
1608	1389
1609	1390
1604	1391
1607	1392
1605	1393
1610	1394
1363	1395
1611	1396
1589	1397
1614	1398
1232	1399
1616	1400
1615	1401
1619	1402
1586	1403
1080	1404
1618	1405
1617	1406
1622	1407
1623	1408
1624	1409
1628	1410
1630	1411
1625	1412
1627	1413
1626	1414
1632	1415
1631	1416
1011	1417
1633	1418
1639	1419
1647	1420
1643	1421
1644	1422
1636	1423
1645	1424
1641	1425
1637	1426
1646	1427
1635	1428
1638	1429
1556	1430
1650	1431
1648	1432
1649	1433
511	1434
1651	1435
1652	1436
1654	1437
1658	1438
1653	1439
1657	1440
1659	1441
1661	1442
1660	1443
1668	1444
1666	1445
1669	1446
1670	1447
1671	1448
1673	1449
1675	1450
1674	1451
1677	1452
1676	1453
1680	1454
1678	1455
1681	1456
1684	1457
9	1458
1687	1459
1682	1460
1683	1461
1685	1462
1688	1463
1689	1464
676	1465
1690	1466
1691	1467
1692	1468
922	1469
1693	1470
1694	1471
1696	1472
1697	1473
1269	1474
1699	1475
1701	1476
1710	1477
1703	1478
1707	1479
1706	1480
1704	1481
1702	1482
1708	1483
1705	1484
1713	1485
1236	1486
766	1487
1715	1488
1714	1489
1133	1490
1718	1491
1720	1492
1719	1493
624	1494
635	1495
1721	1496
1640	1497
1723	1498
1722	1499
961	1500
1724	1501
964	1502
1726	1503
1725	1504
967	1505
1728	1506
1733	1507
1735	1508
1734	1509
1736	1510
1737	1511
3844	1512
3057	1513
1271	1514
678	1515
2572	1516
3845	1517
960	1518
3842	1519
2858	1520
1740	1521
1739	1522
1741	1523
1742	1524
1744	1525
1743	1526
1746	1527
1745	1528
1749	1529
1748	1530
1750	1531
1752	1532
1753	1533
1416	1534
554	1535
1754	1536
1756	1537
1757	1538
1758	1539
1755	1540
1760	1541
1772	1542
1770	1543
1764	1544
1761	1545
1763	1546
1766	1547
1768	1548
1771	1549
1765	1550
1762	1551
1774	1552
1769	1553
1778	1554
1777	1555
1776	1556
1786	1557
1779	1558
1785	1559
1780	1560
1781	1561
1783	1562
1782	1563
1784	1564
1788	1565
1787	1566
1791	1567
1790	1568
1793	1569
1794	1570
1796	1571
1795	1572
1797	1573
1798	1574
1803	1575
1662	1576
1805	1577
1804	1578
1802	1579
1808	1580
1809	1581
991	1582
1813	1583
1816	1584
1815	1585
1812	1586
1814	1587
1820	1588
1819	1589
1821	1590
1822	1591
1824	1592
1825	1593
1829	1594
1827	1595
1828	1596
1837	1597
1835	1598
1830	1599
1834	1600
1346	1601
1832	1602
1836	1603
1831	1604
1847	1605
1844	1606
1841	1607
1848	1608
290	1609
1839	1610
1089	1611
1840	1612
1842	1613
1843	1614
2	1615
1851	1616
1852	1617
1850	1618
1854	1619
1853	1620
1857	1621
1856	1622
1858	1623
1861	1624
1860	1625
1863	1626
1862	1627
1864	1628
1865	1629
1866	1630
1867	1631
1868	1632
1870	1633
1874	1634
1875	1635
1876	1636
1877	1637
1362	1638
1878	1639
1879	1640
1880	1641
1881	1642
1882	1643
1885	1644
558	1645
1884	1646
383	1647
1886	1648
1887	1649
1888	1650
1889	1651
1892	1652
1891	1653
1893	1654
1894	1655
1896	1656
1898	1657
1897	1658
1899	1659
1901	1660
1902	1661
1903	1662
1664	1663
1907	1664
18	1665
1906	1666
1904	1667
1	1668
1909	1669
1910	1670
1911	1671
576	1672
1913	1673
1915	1674
1916	1675
1919	1676
1918	1677
1921	1678
1917	1679
1922	1680
1923	1681
675	1682
335	1683
1925	1684
1928	1685
1926	1686
1929	1687
1936	1688
1931	1689
1933	1690
1938	1691
1935	1692
1711	1693
1207	1694
1934	1695
1613	1696
1940	1697
1948	1698
1946	1699
1947	1700
1943	1701
1191	1702
1944	1703
1942	1704
1950	1705
1949	1706
1951	1707
1807	1708
1952	1709
1955	1710
1957	1711
1629	1712
1956	1713
1958	1714
1954	1715
1959	1716
1963	1717
1962	1718
1964	1719
1961	1720
1960	1721
1965	1722
1970	1723
1968	1724
1972	1725
1971	1726
1967	1727
1966	1728
1969	1729
1973	1730
1974	1731
1975	1732
1977	1733
1980	1734
1976	1735
1979	1736
1986	1737
1982	1738
1984	1739
1985	1740
1983	1741
1987	1742
1075	1743
1988	1744
1989	1745
1001	1746
3047	1747
1203	1748
1990	1749
1991	1750
1992	1751
1995	1752
1994	1753
1996	1754
1997	1755
1998	1756
2001	1757
2009	1758
2007	1759
2006	1760
2011	1761
2010	1762
2008	1763
2017	1764
2016	1765
2014	1766
2019	1767
2018	1768
2015	1769
2013	1770
2021	1771
2020	1772
2022	1773
1328	1774
2024	1775
2027	1776
2029	1777
2026	1778
2031	1779
2033	1780
2032	1781
2041	1782
2044	1783
2034	1784
2043	1785
2042	1786
2039	1787
2037	1788
2038	1789
2035	1790
2046	1791
2045	1792
2047	1793
1237	1794
2048	1795
2049	1796
2051	1797
2050	1798
2053	1799
2052	1800
2054	1801
1932	1802
396	1803
2055	1804
2057	1805
2059	1806
959	1807
2060	1808
2061	1809
2062	1810
1046	1811
2064	1812
2063	1813
2067	1814
1738	1815
2066	1816
2068	1817
2069	1818
1523	1819
2074	1820
2072	1821
2073	1822
2077	1823
2075	1824
2080	1825
278	1826
2078	1827
2079	1828
2081	1829
2082	1830
2083	1831
2085	1832
2086	1833
1767	1834
2090	1835
1310	1836
2089	1837
2092	1838
2093	1839
694	1840
2091	1841
2097	1842
2096	1843
2094	1844
2095	1845
2099	1846
2098	1847
2100	1848
2101	1849
2102	1850
2106	1851
2109	1852
2107	1853
2105	1854
2104	1855
2111	1856
2108	1857
2110	1858
2112	1859
2114	1860
2115	1861
2116	1862
2117	1863
1818	1864
2121	1865
2118	1866
2120	1867
2119	1868
2125	1869
2127	1870
2129	1871
2128	1872
2124	1873
2126	1874
2132	1875
2131	1876
2133	1877
2135	1878
2134	1879
2141	1880
2138	1881
1751	1882
2084	1883
2139	1884
1156	1885
2137	1886
2071	1887
2142	1888
2143	1889
2146	1890
2144	1891
1621	1892
2148	1893
2152	1894
2150	1895
2151	1896
2155	1897
2154	1898
2156	1899
2158	1900
2157	1901
2160	1902
2159	1903
570	1904
1308	1905
1392	1906
2163	1907
2165	1908
2169	1909
2168	1910
2171	1911
2172	1912
203	1913
2174	1914
2175	1915
2176	1916
865	1917
2179	1918
2180	1919
2181	1920
2178	1921
2183	1922
2184	1923
937	1924
2185	1925
2186	1926
2190	1927
2187	1928
2189	1929
2188	1930
2192	1931
1587	1932
2193	1933
2191	1934
2194	1935
2196	1936
2195	1937
2197	1938
2198	1939
2200	1940
2201	1941
2202	1942
2206	1943
2203	1944
2207	1945
2205	1946
2208	1947
2204	1948
2211	1949
2209	1950
2210	1951
2212	1952
2213	1953
2217	1954
2214	1955
2216	1956
1890	1957
2215	1958
2218	1959
2220	1960
1094	1961
2222	1962
2199	1963
2224	1964
2223	1965
2226	1966
2225	1967
2228	1968
1999	1969
2230	1970
1083	1971
2231	1972
2233	1973
2234	1974
2235	1975
2236	1976
2238	1977
2237	1978
2241	1979
2242	1980
2240	1981
2239	1982
2244	1983
2250	1984
2245	1985
2251	1986
2243	1987
2246	1988
995	1989
2248	1990
2249	1991
2253	1992
2254	1993
2252	1994
2256	1995
2257	1996
2255	1997
2258	1998
974	1999
2260	2000
723	2001
2261	2002
2264	2003
2262	2004
2263	2005
2265	2006
2267	2007
2269	2008
2268	2009
2270	2010
2271	2011
2170	2012
2274	2013
2273	2014
2272	2015
2275	2016
466	2017
1229	2018
2277	2019
2278	2020
2276	2021
1421	2022
2028	2023
2281	2024
2280	2025
2282	2026
2283	2027
1120	2028
2284	2029
2286	2030
2287	2031
2288	2032
2291	2033
2297	2034
2173	2035
1524	2036
2299	2037
2300	2038
2302	2039
1102	2040
2304	2041
2305	2042
2307	2043
2308	2044
2140	2045
2310	2046
2311	2047
2312	2048
490	2049
2313	2050
2315	2051
2316	2052
2317	2053
2318	2054
1730	2055
2323	2056
2324	2057
2326	2058
2325	2059
1634	2060
2327	2061
2328	2062
1540	2063
2333	2064
2332	2065
2329	2066
2330	2067
2340	2068
2339	2069
2319	2070
2343	2071
2344	2072
2345	2073
2346	2074
2351	2075
2348	2076
2352	2077
2350	2078
741	2079
2356	2080
2354	2081
2355	2082
2065	2083
2360	2084
2359	2085
2362	2086
2361	2087
2130	2088
2363	2089
2369	2090
2365	2091
2368	2092
965	2093
2366	2094
963	2095
2364	2096
2373	2097
2375	2098
2378	2099
2376	2100
2380	2101
2381	2102
2379	2103
563	2104
2382	2105
2383	2106
2385	2107
2386	2108
2389	2109
2391	2110
2390	2111
2393	2112
2392	2113
2387	2114
2388	2115
869	2116
2395	2117
2396	2118
2397	2119
2399	2120
2398	2121
2400	2122
2401	2123
2402	2124
2403	2125
518	2126
2404	2127
2421	2128
2414	2129
2406	2130
2407	2131
2410	2132
1371	2133
2416	2134
2409	2135
2419	2136
2413	2137
2420	2138
2411	2139
2415	2140
2405	2141
2412	2142
2418	2143
2422	2144
2424	2145
2423	2146
2426	2147
2425	2148
2428	2149
2427	2150
2429	2151
2433	2152
2430	2153
2431	2154
2432	2155
2436	2156
2434	2157
2435	2158
2437	2159
2438	2160
2219	2161
2440	2162
2441	2163
2371	2164
2445	2165
2444	2166
2370	2167
2443	2168
2446	2169
2450	2170
2452	2171
2451	2172
2453	2173
2454	2174
2458	2175
2457	2176
2460	2177
2465	2178
2464	2179
2466	2180
2463	2181
2461	2182
2462	2183
2468	2184
2471	2185
2470	2186
1869	2187
2472	2188
2473	2189
152	2190
2474	2191
2476	2192
2478	2193
2479	2194
2481	2195
2483	2196
2482	2197
2485	2198
2484	2199
2456	2200
2489	2201
2488	2202
2487	2203
2490	2204
2492	2205
2491	2206
2494	2207
1452	2208
2495	2209
1289	2210
2497	2211
2147	2212
2496	2213
2498	2214
1789	2215
2500	2216
2502	2217
2501	2218
2503	2219
2504	2220
2510	2221
2508	2222
2511	2223
2516	2224
2513	2225
2512	2226
2514	2227
2515	2228
1800	2229
2520	2230
506	2231
2523	2232
2525	2233
2524	2234
2526	2235
2527	2236
2004	2237
2528	2238
2530	2239
1477	2240
2533	2241
2535	2242
2534	2243
2536	2244
2448	2245
2538	2246
2539	2247
2540	2248
19	2249
2545	2250
2544	2251
2543	2252
2542	2253
2546	2254
2548	2255
2358	2256
1698	2257
2550	2258
1438	2259
2285	2260
2553	2261
2555	2262
2554	2263
2552	2264
912	2265
2556	2266
2447	2267
2557	2268
2564	2269
2561	2270
2563	2271
2566	2272
2562	2273
2560	2274
2569	2275
2568	2276
2574	2277
2573	2278
1700	2279
2571	2280
2567	2281
2575	2282
1593	2283
2576	2284
2578	2285
2580	2286
2577	2287
2579	2288
2584	2289
2583	2290
2309	2291
2582	2292
1307	2293
2585	2294
2586	2295
2587	2296
2589	2297
2591	2298
2592	2299
2594	2300
2593	2301
2590	2302
2595	2303
2103	2304
2347	2305
2596	2306
2601	2307
2600	2308
2598	2309
2603	2310
2469	2311
2604	2312
2609	2313
2607	2314
2608	2315
2606	2316
2002	2317
2610	2318
2612	2319
2613	2320
2615	2321
2614	2322
1306	2323
2621	2324
2622	2325
2620	2326
2619	2327
2623	2328
2624	2329
2625	2330
2628	2331
2626	2332
2627	2333
2629	2334
2633	2335
2631	2336
2635	2337
2634	2338
2637	2339
2640	2340
2638	2341
2639	2342
2641	2343
2642	2344
2643	2345
2647	2346
2646	2347
2648	2348
2651	2349
2650	2350
2653	2351
2652	2352
2655	2353
2656	2354
2657	2355
2321	2356
2658	2357
2659	2358
2334	2359
2660	2360
2663	2361
2664	2362
2669	2363
2670	2364
2665	2365
2666	2366
2668	2367
2683	2368
2681	2369
2685	2370
2684	2371
2687	2372
2688	2373
2682	2374
2676	2375
2680	2376
2675	2377
2679	2378
2672	2379
2677	2380
2671	2381
2674	2382
2689	2383
2690	2384
2692	2385
2691	2386
298	2387
2693	2388
2696	2389
2697	2390
2701	2391
2698	2392
2700	2393
2699	2394
2705	2395
2703	2396
2704	2397
2706	2398
2707	2399
2708	2400
2709	2401
2710	2402
2711	2403
1672	2404
1005	2405
2713	2406
716	2407
2717	2408
2718	2409
1612	2410
2320	2411
2719	2412
2661	2413
2720	2414
2721	2415
2725	2416
2724	2417
2726	2418
2728	2419
2730	2420
2290	2421
2729	2422
2733	2423
2735	2424
2738	2425
2736	2426
2743	2427
2740	2428
2741	2429
2746	2430
2745	2431
2748	2432
2455	2433
1712	2434
2750	2435
2754	2436
2753	2437
2505	2438
2755	2439
2618	2440
2763	2441
2765	2442
2761	2443
2759	2444
2762	2445
2766	2446
2764	2447
2767	2448
2768	2449
1799	2450
2771	2451
2772	2452
2774	2453
2775	2454
2776	2455
2777	2456
2778	2457
2780	2458
2531	2459
2161	2460
2782	2461
2786	2462
2785	2463
2787	2464
2789	2465
2783	2466
2784	2467
2791	2468
2149	2469
2792	2470
2794	2471
2797	2472
2796	2473
2793	2474
2795	2475
2798	2476
2807	2477
2808	2478
2814	2479
2799	2480
2803	2481
2802	2482
2800	2483
2811	2484
2804	2485
2809	2486
2801	2487
2806	2488
2813	2489
2812	2490
2816	2491
2817	2492
2818	2493
2820	2494
2822	2495
2823	2496
2336	2497
2824	2498
2826	2499
2825	2500
2588	2501
2581	2502
2828	2503
2827	2504
2829	2505
2831	2506
2832	2507
2836	2508
2833	2509
966	2510
2838	2511
2839	2512
2840	2513
2821	2514
2841	2515
2810	2516
2843	2517
2844	2518
2849	2519
2847	2520
2848	2521
2058	2522
773	2523
2854	2524
2856	2525
2853	2526
1801	2527
2851	2528
2855	2529
2852	2530
2860	2531
2862	2532
2866	2533
2863	2534
2865	2535
2864	2536
2868	2537
2869	2538
2871	2539
2702	2540
2875	2541
2873	2542
2876	2543
2878	2544
2880	2545
2881	2546
2879	2547
2882	2548
2883	2549
2884	2550
2885	2551
2886	2552
2694	2553
2890	2554
2896	2555
2895	2556
2892	2557
2894	2558
2893	2559
2819	2560
2897	2561
1009	2562
2899	2563
2861	2564
2902	2565
2900	2566
2901	2567
2903	2568
2905	2569
2906	2570
2908	2571
2907	2572
2909	2573
2162	2574
2915	2575
2914	2576
2912	2577
2916	2578
2913	2579
2919	2580
2918	2581
829	2582
2921	2583
2922	2584
2923	2585
2924	2586
2925	2587
1141	2588
2926	2589
2928	2590
992	2591
994	2592
2931	2593
2930	2594
2933	2595
2934	2596
1466	2597
2936	2598
2937	2599
2939	2600
2938	2601
2940	2602
2942	2603
2944	2604
2943	2605
1571	2606
2946	2607
2947	2608
2945	2609
2948	2610
1535	2611
2949	2612
2950	2613
2506	2614
2951	2615
2953	2616
2952	2617
2954	2618
2955	2619
2956	2620
2960	2621
1135	2622
2654	2623
2958	2624
2957	2625
2732	2626
2781	2627
2963	2628
2964	2629
2966	2630
2967	2631
1558	2632
2969	2633
2972	2634
2970	2635
2968	2636
2973	2637
2975	2638
2974	2639
2978	2640
2976	2641
2979	2642
2977	2643
2980	2644
1826	2645
2551	2646
2983	2647
2984	2648
2985	2649
2987	2650
2597	2651
2989	2652
2990	2653
2988	2654
2991	2655
2994	2656
2993	2657
2992	2658
1343	2659
2995	2660
2997	2661
2999	2662
3001	2663
2998	2664
3000	2665
3002	2666
3003	2667
3008	2668
3007	2669
3006	2670
3005	2671
3011	2672
3010	2673
3009	2674
3017	2675
3014	2676
3012	2677
3015	2678
3013	2679
3016	2680
3018	2681
3019	2682
3020	2683
3022	2684
3023	2685
3025	2686
2686	2687
3026	2688
3029	2689
3030	2690
3031	2691
3034	2692
3032	2693
3035	2694
3036	2695
3037	2696
407	2697
3038	2698
3039	2699
2030	2700
3041	2701
3044	2702
3043	2703
3046	2704
2935	2705
3049	2706
3051	2707
3052	2708
3055	2709
3056	2710
3054	2711
2372	2712
1872	2713
3061	2714
3060	2715
3062	2716
3063	2717
3070	2718
3067	2719
3065	2720
2341	2721
3069	2722
3066	2723
1065	2724
3072	2725
3074	2726
3077	2727
3075	2728
3076	2729
3078	2730
3081	2731
3080	2732
3083	2733
3079	2734
2314	2735
3082	2736
3085	2737
3086	2738
3091	2739
2408	2740
3088	2741
3089	2742
3087	2743
3095	2744
3092	2745
3093	2746
2023	2747
1531	2748
3096	2749
3097	2750
3101	2751
3100	2752
3103	2753
3105	2754
3106	2755
3107	2756
3109	2757
3108	2758
3112	2759
3114	2760
3110	2761
3111	2762
3113	2763
3116	2764
3118	2765
3119	2766
3123	2767
3122	2768
3121	2769
3125	2770
3124	2771
3131	2772
3126	2773
1354	2774
3127	2775
3130	2776
3129	2777
3136	2778
3137	2779
3133	2780
3134	2781
3139	2782
3138	2783
3135	2784
3141	2785
3142	2786
3048	2787
3143	2788
3144	2789
3146	2790
3147	2791
3148	2792
3149	2793
3150	2794
3151	2795
2695	2796
2616	2797
3153	2798
3152	2799
3154	2800
3155	2801
3156	2802
2815	2803
3157	2804
3158	2805
1255	2806
1811	2807
3162	2808
2357	2809
3164	2810
3165	2811
3163	2812
3166	2813
1004	2814
3169	2815
3168	2816
3171	2817
3172	2818
3170	2819
3177	2820
2477	2821
3175	2822
3174	2823
3178	2824
2910	2825
3179	2826
3182	2827
3184	2828
3181	2829
3183	2830
2541	2831
3189	2832
3188	2833
3191	2834
3190	2835
3192	2836
3194	2837
3193	2838
3195	2839
3197	2840
3196	2841
3199	2842
3202	2843
3198	2844
3201	2845
3200	2846
3203	2847
3205	2848
2337	2849
3206	2850
3207	2851
3209	2852
3212	2853
3211	2854
2602	2855
3213	2856
3214	2857
3216	2858
3217	2859
3219	2860
1717	2861
3220	2862
3223	2863
2298	2864
3221	2865
3222	2866
3224	2867
3226	2868
3225	2869
2877	2870
3227	2871
3228	2872
3229	2873
3230	2874
3231	2875
3236	2876
3233	2877
3237	2878
3235	2879
3238	2880
3234	2881
3232	2882
3239	2883
3240	2884
3241	2885
3242	2886
3243	2887
3245	2888
3248	2889
3250	2890
3249	2891
3251	2892
3255	2893
3254	2894
3252	2895
3253	2896
3257	2897
3260	2898
3258	2899
3259	2900
3261	2901
3264	2902
3262	2903
3268	2904
3269	2905
3271	2906
3270	2907
3266	2908
3267	2909
1833	2910
3273	2911
3274	2912
3275	2913
3277	2914
3280	2915
3279	2916
3282	2917
3281	2918
3284	2919
3283	2920
3287	2921
3288	2922
3290	2923
3292	2924
3293	2925
2113	2926
3291	2927
3294	2928
3208	2929
3297	2930
3295	2931
3296	2932
3301	2933
3302	2934
3304	2935
3305	2936
3307	2937
3308	2938
3310	2939
3309	2940
1305	2941
2519	2942
3102	2943
3311	2944
3313	2945
3314	2946
3315	2947
2749	2948
3316	2949
3317	2950
3318	2951
3319	2952
3320	2953
868	2954
3323	2955
3324	2956
3325	2957
2070	2958
3326	2959
2342	2960
3327	2961
3328	2962
3329	2963
3330	2964
3332	2965
3027	2966
3333	2967
3334	2968
3053	2969
3338	2970
3339	2971
3340	2972
3342	2973
3343	2974
3344	2975
3346	2976
3348	2977
2529	2978
3350	2979
3349	2980
495	2981
3356	2982
3359	2983
3357	2984
3355	2985
3360	2986
3363	2987
3364	2988
3362	2989
3368	2990
3367	2991
3366	2992
3369	2993
3370	2994
3372	2995
3354	2996
866	2997
3374	2998
3373	2999
3375	3000
3376	3001
3377	3002
1555	3003
3388	3004
880	3005
3387	3006
3379	3007
3383	3008
3380	3009
3384	3010
3381	3011
1429	3012
3378	3013
3382	3014
3385	3015
3390	3016
2760	3017
3391	3018
3392	3019
3394	3020
2758	3021
3396	3022
3398	3023
3397	3024
3399	3025
3400	3026
3401	3027
3402	3028
2649	3029
3403	3030
3404	3031
3405	3032
2040	3033
3104	3034
3408	3035
3416	3036
3414	3037
3413	3038
3411	3039
3299	3040
3415	3041
3412	3042
3418	3043
3419	3044
3420	3045
3161	3046
3422	3047
3423	3048
3421	3049
3425	3050
3426	3051
3427	3052
2565	3053
3428	3054
1775	3055
3430	3056
3431	3057
3434	3058
3433	3059
3435	3060
3437	3061
3436	3062
3438	3063
3439	3064
3186	3065
3440	3066
3441	3067
3443	3068
3444	3069
2632	3070
3445	3071
3446	3072
3447	3073
2232	3074
3448	3075
3449	3076
3451	3077
3450	3078
3453	3079
3452	3080
3454	3081
71	3082
3084	3083
3187	3084
3459	3085
2295	3086
3455	3087
2292	3088
3458	3089
2294	3090
3456	3091
3460	3092
3461	3093
3462	3094
3244	3095
3465	3096
3300	3097
3466	3098
3467	3099
2056	3100
3409	3101
3470	3102
3471	3103
2722	3104
3473	3105
3472	3106
3476	3107
3475	3108
2036	3109
1386	3110
3477	3111
3479	3112
3481	3113
3482	3114
3352	3115
3484	3116
3485	3117
3486	3118
3487	3119
3488	3120
3489	3121
3490	3122
1101	3123
3491	3124
2012	3125
3494	3126
3495	3127
3497	3128
3496	3129
2289	3130
3498	3131
3501	3132
3503	3133
2644	3134
3504	3135
3506	3136
3505	3137
3507	3138
3509	3139
3510	3140
1053	3141
3512	3142
3511	3143
3513	3144
3514	3145
2123	3146
2887	3147
3516	3148
3517	3149
3519	3150
3520	3151
3523	3152
3521	3153
3524	3154
3522	3155
1859	3156
3527	3157
3526	3158
3529	3159
1487	3160
3528	3161
3533	3162
3530	3163
3532	3164
3534	3165
3535	3166
3536	3167
3540	3168
3541	3169
3537	3170
1585	3171
3544	3172
3543	3173
3542	3174
3545	3175
3546	3176
1187	3177
3548	3178
3549	3179
3550	3180
3552	3181
3554	3182
3553	3183
1595	3184
3558	3185
2835	3186
3371	3187
3557	3188
3560	3189
3559	3190
3561	3191
3024	3192
3568	3193
3566	3194
2959	3195
3565	3196
3563	3197
3564	3198
3567	3199
3569	3200
3572	3201
3575	3202
3571	3203
3573	3204
3576	3205
3578	3206
3577	3207
3579	3208
3580	3209
3583	3210
3582	3211
3581	3212
3584	3213
2522	3214
3587	3215
3589	3216
3586	3217
3590	3218
3591	3219
3173	3220
3594	3221
3597	3222
3596	3223
3595	3224
3598	3225
3599	3226
3602	3227
3604	3228
3606	3229
3607	3230
3608	3231
3610	3232
1490	3233
3614	3234
1606	3235
3615	3236
3622	3237
3617	3238
3620	3239
3618	3240
2279	3241
3623	3242
3624	3243
3625	3244
3626	3245
2467	3246
2662	3247
3627	3248
3628	3249
3629	3250
3630	3251
3631	3252
3632	3253
3636	3254
1367	3255
3639	3256
3633	3257
3638	3258
3637	3259
3634	3260
2353	3261
3641	3262
3180	3263
3642	3264
3643	3265
3645	3266
3646	3267
3570	3268
2335	3269
3648	3270
3649	3271
2003	3272
3347	3273
3650	3274
2322	3275
3651	3276
3652	3277
3658	3278
3656	3279
3657	3280
3655	3281
3654	3282
3653	3283
3660	3284
3662	3285
3661	3286
3664	3287
3442	3288
3298	3289
3665	3290
3666	3291
3667	3292
3668	3293
3670	3294
3671	3295
3675	3296
3673	3297
3676	3298
194	3299
3678	3300
3682	3301
3686	3302
3685	3303
3687	3304
3683	3305
3688	3306
3689	3307
2739	3308
3692	3309
1883	3310
3693	3311
3694	3312
3695	3313
980	3314
3697	3315
3698	3316
3696	3317
3365	3318
3700	3319
3702	3320
3701	3321
3703	3322
3706	3323
3704	3324
3707	3325
3708	3326
3709	3327
3712	3328
3710	3329
3711	3330
3713	3331
3714	3332
3715	3333
3716	3334
3718	3335
3719	3336
993	3337
3720	3338
3724	3339
3723	3340
3722	3341
3721	3342
3726	3343
3728	3344
3407	3345
3729	3346
3731	3347
3732	3348
3733	3349
3677	3350
3734	3351
3735	3352
3738	3353
3737	3354
3739	3355
313	3356
3741	3357
3681	3358
3749	3359
3748	3360
3742	3361
3746	3362
3745	3363
3744	3364
3750	3365
3743	3366
3752	3367
3753	3368
3754	3369
3073	3370
3755	3371
3756	3372
3757	3373
1823	3374
3759	3375
3760	3376
3145	3377
3761	3378
3762	3379
1104	3380
3764	3381
3765	3382
3767	3383
3770	3384
3769	3385
3766	3386
3771	3387
3773	3388
3772	3389
3774	3390
3775	3391
3776	3392
3777	3393
2517	3394
3780	3395
3781	3396
1024	3397
3782	3398
3605	3399
3784	3400
3785	3401
3787	3402
3789	3403
3788	3404
1981	3405
3786	3406
3791	3407
3793	3408
3794	3409
3795	3410
3797	3411
3796	3412
3798	3413
3799	3414
3800	3415
3802	3416
3803	3417
3804	3418
3807	3419
3806	3420
324	3421
3808	3422
3810	3423
3811	3424
3813	3425
2005	3426
3814	3427
3812	3428
3818	3429
3817	3430
3816	3431
3815	3432
3819	3433
3551	3434
3820	3435
3821	3436
3822	3437
3823	3438
3824	3439
3825	3440
2927	3441
3826	3442
2293	3443
3830	3444
2076	3445
3829	3446
3831	3447
3833	3448
3834	3449
3832	3450
3040	3451
2617	3452
3841	3453
3840	3454
3838	3455
3837	3456
3839	3457
2532	3458
180	3459
186	3460
234	3461
248	3462
370	3463
643	3464
717	3465
745	3466
855	3467
978	3468
983	3469
1013	3470
1049	3471
1067	3472
1072	3473
1155	3474
1159	3475
1210	3476
1250	3477
1287	3478
1296	3479
1329	3480
1340	3481
1360	3482
1366	3483
1376	3484
1390	3485
1402	3486
1434	3487
1456	3488
1478	3489
1481	3490
1491	3491
1492	3492
1509	3493
1560	3494
1573	3495
1588	3496
1642	3497
1656	3498
1665	3499
1679	3500
1709	3501
1716	3502
1729	3503
1731	3504
1732	3505
3843	3506
1747	3507
1806	3508
1845	3509
1849	3510
1855	3511
1905	3512
1912	3513
1920	3514
1927	3515
1930	3516
1941	3517
1945	3518
1953	3519
2394	3520
2000	3521
2025	3522
2088	3523
2122	3524
2136	3525
2153	3526
2164	3527
2177	3528
2229	3529
2247	3530
2259	3531
2331	3532
2349	3533
1655	3534
2377	3535
2439	3536
2459	3537
2475	3538
2499	3539
2509	3540
2547	3541
2549	3542
2558	3543
2570	3544
2611	3545
2636	3546
2493	3547
2673	3548
1792	3549
2714	3550
2715	3551
2716	3552
2731	3553
2747	3554
2751	3555
2756	3556
2757	3557
2769	3558
2770	3559
2773	3560
2779	3561
2788	3562
2790	3563
1871	3564
2830	3565
2837	3566
2845	3567
2870	3568
2872	3569
2888	3570
2891	3571
2898	3572
2911	3573
2917	3574
2929	3575
2932	3576
2941	3577
2971	3578
2981	3579
3004	3580
3028	3581
3042	3582
2744	3583
3059	3584
3064	3585
3090	3586
3117	3587
3128	3588
3140	3589
2559	3590
3159	3591
1810	3592
3185	3593
1773	3594
3218	3595
3263	3596
3278	3597
3286	3598
3289	3599
3303	3600
3306	3601
3312	3602
2752	3603
3321	3604
3322	3605
3331	3606
3335	3607
3336	3608
3337	3609
3358	3610
3361	3611
3386	3612
3389	3613
3417	3614
3429	3615
1238	3616
3457	3617
2296	3618
3480	3619
3483	3620
3500	3621
3515	3622
3525	3623
3539	3624
3547	3625
3556	3626
3493	3627
3585	3628
3592	3629
3601	3630
3609	3631
3611	3632
3613	3633
3621	3634
2338	3635
3647	3636
3659	3637
3663	3638
3672	3639
3680	3640
3684	3641
240	3642
3691	3643
3699	3644
3705	3645
3717	3646
3725	3647
3727	3648
3730	3649
3751	3650
3758	3651
3763	3652
3779	3653
3792	3654
3809	3655
3827	3656
3828	3657
3835	3658
3836	3659
29	3660
173	3661
327	3662
423	3663
428	3664
458	3665
565	3666
584	3667
587	3668
604	3669
626	3670
648	3671
737	3672
750	3673
783	3674
819	3675
885	3676
999	3677
1017	3678
1028	3679
1062	3680
1112	3681
1164	3682
1169	3683
1205	3684
1264	3685
1299	3686
1356	3687
1380	3688
1398	3689
1423	3690
1460	3691
1474	3692
1522	3693
1568	3694
1600	3695
1620	3696
1667	3697
1686	3698
1695	3699
1727	3700
1759	3701
1817	3702
1838	3703
1846	3704
1895	3705
1900	3706
1908	3707
1914	3708
1924	3709
1939	3710
1937	3711
1978	3712
1993	3713
2087	3714
1002	3715
2145	3716
2166	3717
2167	3718
2182	3719
2221	3720
2227	3721
2266	3722
2301	3723
2303	3724
2306	3725
2367	3726
2374	3727
2384	3728
2417	3729
2442	3730
2449	3731
2480	3732
2486	3733
2518	3734
2521	3735
1663	3736
2537	3737
2599	3738
2630	3739
2667	3740
2678	3741
2712	3742
2723	3743
2727	3744
2734	3745
2737	3746
2742	3747
2805	3748
2834	3749
2842	3750
2846	3751
2850	3752
2857	3753
2859	3754
2867	3755
2874	3756
2889	3757
2904	3758
2920	3759
2961	3760
2962	3761
2965	3762
2982	3763
2986	3764
2996	3765
2507	3766
3021	3767
3033	3768
3045	3769
3050	3770
3058	3771
3068	3772
3071	3773
3094	3774
3098	3775
3099	3776
3115	3777
3120	3778
3132	3779
3160	3780
3167	3781
3176	3782
3204	3783
3210	3784
3215	3785
3247	3786
3256	3787
3265	3788
3272	3789
3276	3790
3285	3791
3341	3792
3246	3793
3345	3794
2645	3795
3393	3796
3395	3797
3406	3798
3351	3799
3410	3800
3424	3801
3432	3802
3463	3803
3464	3804
3468	3805
3469	3806
3474	3807
3478	3808
3492	3809
3499	3810
3502	3811
3508	3812
3518	3813
3531	3814
3538	3815
1233	3816
3555	3817
3562	3818
3574	3819
3588	3820
3593	3821
3600	3822
3603	3823
3612	3824
3616	3825
3619	3826
2605	3827
3635	3828
3640	3829
3644	3830
1873	3831
3669	3832
3674	3833
3679	3834
3690	3835
3353	3836
3736	3837
3740	3838
3747	3839
3768	3840
3778	3841
3783	3842
3790	3843
3801	3844
3805	3845
