0 0 1 2 3 4 5 6 7 8 9 10 1237
1 11
2 12 13 14 15 16 17 18 9 19 171
3 20 21 22 23 24 25 26 27 28 29 30 31 291
4 32 33 34 35 36 37 38 39 40 41 42 43 3082
5 44 45 46 47 48 49 50 51 185
6 52 53 54 55 56 37 57 51 44 58 59 60 1002
7 61 62 63 64 65 66 67 68 69 478
8 70 71 72 24 73 74 75 76 77 20 78 79 25
9 80 81 82 52
10 83 84 67 85 86 65 87 88 89 18 160
11 82 52 90 45 91 92 93 24 47 94 95 96 97 98 487
12 99 100 101 102 103 104 105 106 107 108 109 110 111 112 2190
13 113 114 115 116 117 118 119 120 121 122 22 123 575
14 124 125 126 127 128 90 129 130 131 132 133 63 134 135 136 137 138 3459
15 139 94 140 96 48 141 3460
16 142 143 144 30 145 16 146 239
17 147 16 148 149 150 151 297
18 152 139 92 82 153 93 47 140 124 154 97 155 1041
19 156 157 158 159 160 161 162 163 164 165 166 167 168 336
20 169 170 171 172 173 174 175 176 30 177 178 596
21 74 179 180 47 181 182 183 3461
22 51 52 184 92 45 47 59 185 82 186 93 44
23 187 188 189 190 191 192 193 194 195 196 197 3462
24 198 171 14 199 200 79 201 94 45
25 202 203 204 205 206 207 5 208 209 210 3
26 92 211 45 139 49 93
27 96 82 137 212 213 214 215 24
28 113 216 217 218 219 220 221 222 204 172 459
29 20 223 224 30 170 225 158 226 227 65
30 228 19 229 230 14 171 231 232 198 233 234 123
31 120 16 235 30 170 236 237 238 239 443
32 240 2387
33 241 158 242 150 243 244 27 159 1301
34 245 246 247 248 249 250 251 252 253 254 255 114 1076
35 256 24 85
36 257 258 259 260 261 262 263 264 265 3421
37 266 267 268 269 270 271 272 273 274 275 276 277 278 279 280 281 1683
38 187 282 283 284 285 286 1252
39 287 288 289 17 290 96 291 24 65
40 40 292 65 113 293 294 1 295 205 45 296 26 297 298 87
41 175 239 189 16 171 641
42 299 137 154 300 92 301 302 46 47 82 52 303 304 305 306 307 3463
43 308 137 139 309 310 311 82 140 52 300 45
44 82 212 49 312 139 95 199 313 47
45 102 314 315 316 317 30 37
46 185 48 318 319 320 321 322 47 966
47 323 324 30 12 70 24 141 256 325 16 326 327 26 979
48 19 193 328 283 262 329 330 16
49 159 331 332 333 85 334 335 336 262 337 1803
50 52 338 339 51 97 63 93 95
51 97 51 340 96 52 47 341 184 342 343 344 2697
52 345 346 347 348 308 349 40 350 351 352 353 354 355 356 357 358 359 30
53 26 327 24 360 361 175 362 12 70
54 65 87 307 363 70 244 139 26 560
55 183 364 365 82 139 366 63 312 367 140 1268
56 368 369 370 371 228 372 373 374 375 51 376 65 377 67 378 113
57 379 380 11 381 147 382 383 384 385 386 387 388 389 390 391 392 393 567 121
58 394 16 395 123 314 396 397 398 399 2017
59 47 400 401 402 403 30 404 405 9 18 368
60 14 193 406 407 108
61 408 409 410 411 412 413 295 414 415 416 417 32
62 85 27 418 419 159 65 2981
63 420 421 220 172 202 208 422 410 423 424 3 425 1315
64 93 185 92 45 52 46 426 91 36
65 427 428 429 430 359 431 432 433 434 435 122 436 91 32 348 437 1434 789
66 438 439 440 16 441 41 442 443 75 444 445 446 26 447 979
67 190 448 189 230 449 450 19 451 452 453 454 187
68 199 1 37 455 81 456 139 63 45 457 51 95
69 220 280 458 170 10 459 5 376 460 461 208 462 463 1001
70 464 465 86 466 467 468 469 470 137 471 472 473 474 1645
71 93 311 27 137 475 96 92 476 308 65 199
72 477 478 479 480 66 62 2104
73 481 201 482 75 14 483 96 26 484 70 485 486 487 445 1904
74 488 489 249 490 166 491 85 492 113 493 494 495 383
75 309 44 82 24 50 331 496 155
76 162 244 159 497 498 499 150 1113
77 500 501 502 503 504 505 506 507 508 509 510 511 512 513 514 515 40
78 516 517 518 519 167 520 521 522 73 523 71 524 525 526 120 527 528 618
79 529 530 16 531 532 533 534 535 536 537 538 539 540 541 542 543 544 545 20 546 547 548 549 1494 3464
80 16 193 282 550 145 30
81 193 551 552 404 553 158 554 201 555 556 557 171 558 170
82 168 559 560 65 160 561 166 562 162 336
83 563 37 97 564 95 303 52 565 46 212 47
84 566 567 291 568 569 120 321 570 112 21 571 73 572 573 574 575 1434
85 95 243 244 65 87 24 576 27 26 213
86 577 578 579 96
87 580 114 581 582 583 584 220 463 585 586 587 588 589 590 169 591 1001 1465
88 592 451 47 593 140 63 594 595 51
89 596 574 597 598 599 70 436 73
90 309 600 87 95 92 601 139 602 47 155 52 481 140
91 30 3 46 96 52 603 604 47
92 75 438 605 606 607 608 147 609 610 611 612 613 159 517 26 123
93 320 45 95 457 52
94 613 70 291 141 368 78 292 288 65 481
95 12 170 588 288 614 96 40
96 30 167 48 615 27 213 150 616 65 140
97 617 32 574 618 619 118 620 3465
98 96 220 9 420 24 65 621 234 368 840
99 262 622 146 623 241 624 19 327 625 48 2001
100 626 113 627 582 628 629 630 494 631 383 297 632 633 122 432 249 147
101 634 233 113 327 167 626 635 1023
102 30 112 193 262 64 462 636 637 189 403
103 638 639 640 641 642 643 255 644 171 262 645 646 19 647 648 330 1249 3466
104 649 650 651 445 719
105 82 479 652 37 478 66 48 653 654 52 65 655 69
106 656 657 113 658 26 659 660 67 661 662 445 75
107 663 89 65 664 665 666 230 190 189 30 2523
108 14 16 667 239
109 668 669 670 671 672 673 674 675 676 677 666
110 678 679 680 357 681 91 682 683 684 685 116 686 426 508 348
111 65 458 5 425 239 687 80 688 208
112 65 689 690 161 419 405
113 230 329 691 157 558 692 693 190 694 229 497 385 449 171 695 19
114 92 215 331 87 46 289 94 696 312 65
115 309 65 307 137 475
116 110 697 698 699 700 701 702 703 704 705 706 707 99
117 658 708 709 141 445 612 85 710 159 613 150 73 296 711 712 713 9 1231
118 402 419 368 65 67 87 85
119 714 65 96
120 45 146 715 716 34 717 17 212 82
121 718 651 719 720 721 722 833
122 723 620 458 724 201 76 725 726 120
123 313 95 139 51 727 728 79 37 199 729 94 312 184
124 52 90 729 184 37 199 44 95 730 313 303
125 509 731 254 732 733 734 735 736 737 428 738 739 740 741 742 3467
126 93 82 92 95 309 308 140 205 155 52 90 139
127 92 312 140 46 137 93 155 87 307 82 52 199
128 82 92 63 139 730 602 311 49 52 185 205
129 743 63 744 745 139 746 747 184 199 371 86 748 51 749 278
130 82 52 212 47 312 96 750 45 455 63
131 314 751 397 9 331 1 842
132 193 86 362 752 87 65 753 754 24 755 808
133 256 756 757 70 321 26 758 23 118 759 436 120
134 760 761 384 16 3005
135 762 119 763 520 218 764 765 208 766 767 172 687 588 768 769 770 1076
136 771 239 772 773 774 885
137 52 775 776 46 777 45 49
138 778 48 44 716 94 667 324 212 291 213
139 82 654 52 730 653 479 63 44
140 309 779 780 199 82 27 96 47 95 184
141 781 175 123 782 783 784 785 786 296 228 626 787 788 789 790 116 791 1090
142 792 199 87 600 86 175
143 37 137 793 600 82 794 312
144 146 45 793 17 309 291 475 600
145 82 26 167 795 796 797 48 30 798 155 1469
146 799 256 86 800 321 801 802 19 18 719 24 803 558 804 805 79 8
147 86 806 27 807 241 641 808 193 480 167 87
148 809 810 811 812 813 218 814 815 816 817 818 819 820 1122
149 175 16 12 96 327 30 26
150 24 821 16 822 1097
151 823 44 824 825 63 139 140 730 826 827 716 58 828 155 94 829 82
152 318 65 289 94 9 80 8 30 214 830 184 46 51 18 831 37
153 832 833 556 834 835 836 67 752 837 838 806 839 1999
154 82 397 309 840 778 841 842 3468
155 183 843 844 845 846 847 312 848 849 850 579 3469
156 120 118 19 851 228 291 852 171
157 447 761 853 854 440 170 855 321 403 20
158 856 141 433 73 857 437 120 297 359 613 858 575 789 436 859 427 2814 2562
159 860 556 330 150 193 335 406 3470
160 167 347 481 487 96 26 73 24 23 141 613 30
161 26 296 75 295 51 292 141 861 16 24 618 70 662 862 150 85
162 175 26 146 16 241 167 863 70
163 864 291 30 865 17
164 312 37 579 399
165 687 297 321 866 70 320 24 73 75 420
166 189 799 67 230 867 19 556 190 561 30 16 426 229 171 1035
167 157 761 868 19 637 809 558 869 666 870 229 164 812 449 1147
168 445 871 87 872 662 65 1002
169 873 874 804 875 876 877 878 147 879 248 803
170 405 41
171 880 881 882 883 884 885 886 887 888 889 466
172 890 201 891 288 30 368 102 16 228 765 218
173 16 171 86 892 9 893 765 894 3471
174 895 555 896 897 898 899 9 87 170 216 900 208 901 903
175 616 902 140 30 872 792 308 65 167 95 728
176 208 171 5 4 903 420 239 761 16 409
177 852 175 904 158 170 614 228 160 85 87
178 905 906 221 907 908 909 910 688 3472
179 30 190 404 911 912 12 273 830 368 3473
180 913 914 1743
181 94 915 739 916 9 917 16 918 90 292 919 1971
182 920 921 380 16 742 922 31 404 923 596 1
183 325 16 924 30 925 70 926 112 1611
184 70 74 26 662 175 145 30 256 87 438 927 96
185 228 162 158 928 929 165 26 262 660 930 708 931 665
186 7 239 932 370 16 933 24 934 1326
187 935 936 937 938 939 940 471 201 86
188 164 941 942 943 637 944 945 371 165
189 946 163 244 947 159 87 156 948 949 665
190 950 951 952 242 953 954 955 862 956 165 957 958 959 1490
191 562 87 64 27 960 199 244 660 961 490 150
192 141 596 962 842 347 963 201 404 26
193 964 313 242 965 966 241 225 51 967 968 199 58 2588
194 330 969 970 870 971 641 972 973 974 975 196 262 644
195 87 976 82 27 96 44 475 47 212 137 977 46 95 52
196 143 199 368 30 3474
197 459 978 368 746 20 17 979 98 445 87 30
198 692 190 980 454 981 448 982 282 983 191 451 984 193 189 985 986 987 3475
199 167 24 16 65 509 85 30 26 162 40 493
200 52 776 988 457 137
201 989 990 991 992 993 869
202 658 443 994 368 220 420 995 996 762 997 998 298 999 45
203 813 1000 1001 22
204 169 368 16 664 244
205 488 1002 616 17 792 228 651 82 1003 87 65 62 76
206 927 528 175 26 1004 1005 1006 118 24
207 52 716 184 44 729 1007 826 82
208 55 218 420 618 765
209 913 166 336 493 870 1368
210 139 309 92 199 308 140 82 47
211 653 1008 63 92 140 95 312 478 1009 654 52 69
212 25 1010 617 1011 1012 297 22 236
213 456 91 27 86 1013 1014 262 1015 596 49 52 835
214 1016 212 1017 48 213 52
215 46 97 49 1018 45 52 51 63 92
216 185 49 1019 52 46 592 1020 47 1021 1748
217 748 65 308 95 199 24 1022 602 213
218 65 1023 32 1024 349 47 1025 1026 75 3476
219 157 1027 16 802 171 1028 641 189 558 19 1029 1030 1031 229
220 322 86 1032 24 30 1033 291 324 487
221 23 175 22 70 170 484 16 73 288 26
222 1034 175 1035 384 1036 1037 1097
223 87 63 308 339
224 1038 945 196 650 1039 1040 175 171 556 558
225 52 1041 1042 47 185 212 49 303 2018
226 90 81 831 409 1 201 51 94 184 9 347
227 70 1043 976 24 1044 27 87 96 314 160 145 26 30
228 1045 1046 886 1047 1048 871 1049 488
229 48 1050 82 51 92 185 63 797 457 602 46 1051 52 1052 222 90
230 792 87 65 616 916 158 1053 665 244 871 27 82 780 198
231 1054 22 19 239 16 349 818 1055 189 809 1056 1035 3477
232 1057 70 1058 1004 1059 26 262 1182
233 716 826 1060 318 94 82 90 1061 63 97 140 139 296
234 314 307 47 1062 184 52 30 59 744 455 309 79 1063 863 137 34
235 1003 1064 165 991 1065 1066 798 158
236 412 606 30 1067 630 403 383 405 382 416 113 249 494
237 1068 1062 45 793 291 1063 1069 34 52 17 314
238 1070 273 459 281 1071 1072 746 1073 270 279 271 1074 1075 1076 1077 266 806 272 838 745 1078 280 268 1474
239 47 52 96 140 1079 139 82 185 1080 199 797 155
240 1081 1082 135 776 1083 372 86 1084 1085 1086 577 370 1645
241 159 1087 167 1088 1089 418 308 244 1090 929 65
242 1091 1092 1093 974 1094 874 1095 1096 1097 1098 384 1099 1100 228 3478
243 5 208 370 1101 1086 1102 903 460 425 3 458 65 221
244 13 765 1103 87 1104 205 3479
245 225 1105 665 85 1087 167 860 228
246 287 288 17 1106 12 318 145 290 201 96 425
247 74 82 729 312 212 93 865 94 140 139
248 1107 1108 637 1109 458 694
249 16 17 458 1110 41 198 1111 562
250 659 1112 75 2941
251 140 137 1020 82 1018 155 312 52 300 185
252 91 1113 85 690 241 1114 65 1115 1116 1117 344 879
253 827 1118 1119 368 37 1120 1016
254 208 175 420 1121 459 368
255 1122 1123 1124 641 147 30 1125 743 1126 260 270 1127 23 459 280
256 730 1128 65 331 1129 312 63
257 1130 162 949 241 991 244 1065 336
258 74 1131 1132 426 1133 16 372 220 842 1 294 1134 141
259 187 694 1135 1136 145 1137 3480
260 1138 171 577 16 30 174 175 1139 1035
261 205 400 732 2 45 742 1140 1141 1142 1143 409 1144 404
262 228 449 904 1145 1146 85 488 3481
263 854 65 96 1147 30 167 189
264 49 52 47 331 37 730 96 95 63 212
265 175 16 167 1148 228 1149 1150 1151 30 1152 1153 1601
266 798 75 70 65 30 487 87 48 180 16 24 167 45 26
267 903 1154 10 296 1155 221
268 1156 1157 140 457 966 312 82 139 1158 1159 1160 3482
269 1035 171 175 16
270 1161 1162 586 167 3483
271 1163 344 1164 30 1165 1166 148 1167 1168 1169 1170 2133
272 30 193 809 979 282 16 970
273 1171 1172 1173 1174 1175 1176 3484
274 108 575 1177 1178 1179 596 1180 1181 1182 842 31 120 22 567 598 1183 3485
275 1184 1185 48 1186 1187 26 225 1188 27 1189 842 1906
276 347 842 145 70 1062 1190 96 327 1191 26 331 17 1192
277 282 18 1192 1193 146 1182 3486
278 95 180 137 24 445 1194 146 842
279 1118 1195 44 37 185 1061 90 86
280 16 141 798 262 24 673 1196 104
281 1197 756 487 288 409 1198 218 1199 12 368 1200 1118 16 830
282 87 139 44 24 45 47 92 65 63
283 368 459 172 87 1201 80 273 1746
284 1202 1165 1116 1237
285 1203 16 193 191 164
286 1204 1205 313 49 94 92 296 1206 45 1207 91 1208 1209 184 93 51
287 1210 180 725 863 1211 1032 481 1212 711 1
288 48 1213 1016 479 1214 1215 478 66 653
289 1216 746 692 874 164 942 190 1072 641 1217 270
290 140 87 30 1218 601 948 17 1219 600 1264
291 70 65 27 842 26 87 30 24 45 1062
292 1220 1221 160 1222 462 65 461 26 1223 1111 664 1224 85
293 30 1097 16 469 1225 821 1226 1227 1228 1229 3487
294 1230 295 487 847 52 91 180 213
295 1066 158 710 26 1231 1232 2259
296 1233 586 1 1234 1235 1071 810 1236 1237 1238 272 1239 74 140 273 1240 767 848 1076
297 1241 262 1242 86 1243 981
298 87 1244 1245 158 1246 155 487 308 1247 49 94 1248 91 45
299 1249 1250 187 189 1251 1242 803 16 1252 232 19 1028
300 1084 280 627 383 1253 267 260 401 1217 1216 3488
301 309 95 475 793 65 92 1254 82 52
302 214 1255 1256 139 94 1061 1201 46 592 93 215
303 613 26 1257 1258 225 199 70 65 744
304 314 184 26 95 30 51 318 1259 1060 81 179 201 47 97
305 140 1016 48 139 52 367 82 137
306 729 796 331 1260 1043 63 1261 213 797 303
307 309 312 1262 842 44 24 331 49
308 63 1263 37 65 52 48 1264 1276
309 1265 1196 145 30 438 70 557 1266 189 637 979 65
310 52 1267 1268 102 87 86 212 17 1269 291 137
311 372 87 1270 577 648 404 65 297 147 1271 198 804 664 141 9
312 1272 1273 1274 973 196
313 1135 1275 694
314 46 96 82 49 45 93 309 139 63 457 185 92
315 86 1197 1276 95 1277 45 3489
316 1278 1279 661 1280 1281 249 789 428 1282 1283 1284 3490
317 26 30 404 75 9 170 16 662 443 1285 830 145
318 158 187 1286 3491
319 218 1287 1288 1289 256 79 3492
320 141 963 108 298 347 481 26 1312
321 27 70 24 26 994 309 167 443 748 445 979 842
322 308 1290 1291 65 161 87 1056
323 1292 95 842 1293 212 52
324 1113 73 1294 244 383 1295 1296 928 998 613
325 37 318 137 59 184 455 456 52 82 51
326 48 243 1205 616 1297 366 1061 82 213 140 796 27
327 828 312 175 1298 90 457 45 96 624 140 1
328 311 487 309 82 139 52 140
329 49 52 82 63 139 95 1299 65
330 65 24 87 94 45
331 1300 141 150 163 1301 244
332 427 963 831 1302 256 383 79 1303 141 443 23 113 1304 3493
333 113 1305 416 26 1306 1307 1308 293 1309 1310 960 370 613 1311 1312 804
334 1083 7 1101 687 1313 1314 1315 420 1316 1154 1317 1371
335 370
336 95 47 309 312 96 137 52
337 167 24 48 1318 475 87 213 2036
338 715 159 979 1146 158
339 618 236 1319 108 394 790 804 751 1320 21
340 1321 1322 7 1323 1324 1325 1305 1326 1327 1328 1329 1330 2748
341 1023 1183 297 122 22 16 113 1035 770 1331 1305 436 1332 2611
342 1090 27 26 85 167 1333 48 1334 445 798 2063
343 1335 1336 891 1337 994 169 596 79 1338 381 1339 765 1340 1132
344 659 70 756 1341 1342 26 1189 1060
345 929 45 180 1343 1 12 1344 287 96 87
346 651 490 562 402
347 13 67 1345 65 22 96 41 719
348 3
349 331 139 1 687 82 579 183 312
350 1346 262 1347 187 402
351 157 935 282 1056 451 193 19 561 24 852 1348 998 189 1203 190
352 364 30 16 65 102 776 458
353 212 46 82 49 95 51 1349 52 92
354 1350 1351 348 570 855 1352 1353 1354 1355 1356 1200 434 351 1357 116 292 1358 3494 2
355 729 44 744 199 23 96 215 1131 979 17 180 306 1359 201
356 87 82 63 48 24 139 65 86 140
357 553 1360 1361 16 179 1362 1242 167 3495
358 94 1363 1364 291 1267 74 1140 296 1365 1366 1367 357
359 65 370 67 1368 1345 1369 1370 24 637 86 1371 1372 1083 1373 1374 164 1082 460
360 137 49 63 45 51 92 185
361 1301 490 41 87 3496
362 1375 48 1376 221 183 291 167 312 729
363 27 108 221 1377 201 1296 1378 225 1379 87 241 2283
364 1380 16 1057 1381 1129 1219 1264 41 988 3184
365 330 1382 262 30 870 971 65
366 220 1383 459 172 765 143 1384 295 292
367 1385 894 368 278 749 745 199 459 743 1110 768 264 1150 746 1149 747
368 26 23 1386 357 113 295 395 76 227 16
369 716 309 199 44 95 212 47 475 312 300 366 139
370 140 47 300 1387 797 139 93 199 296 82 744
371 52 167 690 1388 30
372 1082 330 262
373 63 1389 1390 487 139 839 746 27 45 1391 1118 1392 1393 3235
374 418 158 991 1394 1066 1395 27 167 1396 941 1397 1065
375 49 59 1061 47 1349 82 95 1398 52 51 91 81 1020 92 1399 2410
376 16 799 1035 19 1400 171 761 1401 449
377 1402 739 9 411 1403 918 90 1404 1405 523 1307 1406 443 75 220 295
378 438 26 24 599
379 1244 324 17 95 24 81 87 487
380 1407 242 243 211
381 1408 1409 508 40 1410 338 1411 91 1412 1413 52 1414 65
382 1415 1259 842 364 774 1043 1416 26 394 95 1044 213 395
383 1417 65 95 44 1418 308 30 47 487
384 311 309 96 82 34 137 842 63 139 52
385 309 137 140 796 457 95 90 199 139 63
386 1419 587 1420 1421 1422 1423 113 665 630 1328 803 1424 1425 804 1426 1427 297 1428 1429 1294 248 1497 3497
387 12 52 71 51 44 184
388 1430 179 950 145 71 1431 1432 575 180 1433 120 1434 756 21
389 457 1435 49 93 185 1061 46 52 1436 1020 872 198 730
390 12 213 1437 1438 903 1439 1440 1441 1442 1443 3498
391 925 318 47 52 44 95 309
392 208 239 1444 368 96 1445 3 144 3499
393 556 262 370 1446 168 189 641 719 1447 14 85
394 137 82 63 44 139 308 45 140 87 457 52
395 297 409 287 803 121 633 13 148 123 149 401 1323 1448 381 1321 113 960 9
396 91 167 1449 1294 225 1450 1451 426 487 1397
397 1452 204 1453 1443 425 119 1155 208
398 421 208 1454 1455 687 3500
399 24 213 65 30 76 1196 26 719 70 146 167
400 30 798 96 87 85 158 65 362
401 405 970 1456 1348 641 1457 1458 1459 1460 1461 1462 193 160
402 1133 297 1463 767 1464 1266 1465 575 1340 1035 520
403 1296 150 225 1466 713 613 1301 244 147 418 1467 241 842
404 1468 1469 70 1134 24 288 1470 483
405 1080 1471 63 59 1472 82 828 1473 1297
406 420 270 1474 1475 41 1075 268 746 1476 1078 1126 806 1073 260 1070 1149 687 2257 271
407 1477 683 679 1478 1479 1480 40 1408 91 685 32 1481 1482 678 1483 1484 3501 508
408 121 321 297 926 113 294 608 73 789 612 659 31 516 1403 436 443 427 22 118
409 24 256 1242 9 295 1362 1485 90 739 1486 1 1487 426
410 405 459 1488 1489 368 1490 215 3502
411 1491 171 1492 1493 1494 534 16 1495 1496 19 546 1237
412 1497 1498 1499 1465 1500 330 1501 1502 1419 255
413 425 1503 16 372 890 288 1504 368 1811
414 1505 1506 789 11 149 148 3503
415 1030 641 691 16 970 64 803 3504
416 171 1507 1508 19 391 1509 1449 805 1185 1035 174 3505
417 45 82 1510 65 140 52 48 139 213
418 1101 108 7 239 3 673 1511 16 221
419 108 175 842 1815
420 1512 114 1513 1465 1514 264 1515 1516 295 1517 1518 169 768 172 1076 1474 817 1519 765 1520 178 3506
421 590 836 767 113 804 1521 383 9 297 1076 556 627 1143 67 1522 420
422 1264 1218 1523 1219 475 1524 309 1510
423 370 1525 1526 194 1527 1528 189 86 19 667 586 191 3507
424 27 26 75 113 86 1294 87 16 852
425 641 1529 664 1530 673 694
426 372 297 327 26 1116 113 1146 880 419 295
427 630 30 201 96 2 1531 1532 669
428 586 617 321 1533 21 25 1534 574
429 149 1535 774 1083 401 377 1536 1370 370 41
430 1537 1538 141 1539 145 26 1540 599 659 24 70 484
431 30 1487 26 325 436 145 175 321 24 70 979 78 288 1196 256
432 52 1541 309 63 45 397 199 1069 86 455
433 1542 1543 1544 1545 1546 1547 1548 1549 1550 1551 1552 1553 28 1834
434 1535 287 618 398 687 3055
435 987 1184 228 1554 86 189 1555 157 19 1556 230
436 797 139 458 312 82 47 137
437 73 16
438 139 1061 308 45 92 93 63 24 1264
439 95 1557 1558 1376 1210 1559 1560 1561 318 1562 1563 1564 1565 1566 309 729 44
440 294 295 65 45 1567 1114 1202 205 1568 198 2215
441 324 1569 445 146 87 291 26 327 31 24 70 145 256 614
442 24 75 597 70 1111 26 484 65 338 27
443 27 95 1268 52 37 49 90 86
444 1490 167 991 1065 165 798 809 70
445 96 92 46 776 87
446 202 1570 1325 1571 1572 208 1315 10 220 420 588
447 1194 48 95 199 90 842 347 180 79 141
448 1573 747 145 399 87 1574 167
449 67 2 231 402 629 113 1111 30
450 1575 1576 262 30 177 1577 147 1578 1579 1305 2527
451 37 1050 52
452 63 140 212 37 344 826 3508
453 327 145 70 618 41 175 438 228 1708
454 16 1185 1580 70 1406
455 86 24 27 1389 79 1581 26 1080 48 842 70 462
456 1582 283 1239 171 16 673 439 2807
457 1583 1584 1585 1586 620 1587 31 1434
458 172 368 65 1864
459 1588 140 51 826 828 184 1589 139 47 82 344 97
460 37 155 52 1590 475 715
461 1110 86 278 746 273 1074 272 196 459 16 268 217 19
462 457 47 309 137 90 729
463 46 17 95 45 81 47 500 49 36 52
464 371 190 425 368 1118 175 95
465 1368 297 1591 113 400 122 249 3374
466 331 716 137 52 140 213 17 82 199 1259
467 51 37 1592 52 455 1209 92
468 95 370 1593 457 48 52 82 308 199 296 1209
469 140 48 1301 308 139 167 16
470 26 1475 1594 1467 1595 1596 1216 79 172 1072 746 271
471 1597 894 1598 1267 1599 1152 1600 26 1601 1602 1603 1149 1604 1150 2910
472 1605 1606 1607 1608 1609 1610 1611 1612 1613 1614 3509
473 1105 65 329 622 87 140 30 3510
474 426 1615 1213 1601 87
475 174 158 1331 70 662 73 24 23 16 175
476 554 18 158 1368 157 1066 749 164
477 321 22 658 325 445 87 1616 24 1487 1617 1618 1619 26 1620 9 141 3511
478 331 52 1621 82 794 313 399 27 1622 749 344 1623 199 87 140
479 1624 1455 756 430 70 26 73 1625 598 359 24 4 1187 620 789
480 199 218 167 1626 1080 1627 1301 1118 817 86
481 31 575 428 1628 1629 711 739 443 789 141 917
482 155 139 37 92 52 475
483 230 65 190 1203 14 187 260 405
484 172 370 1145 1630 664 18 420 1631 9 368 459 1596
485 1632 291 65 616 26 665 70 87 27 243 223 1633 991 165 2187
486 108 78 659 1634 180 1635 618 16 1636 70
487 158 27 690 241 616 289 719 244
488 650 664 91 1637 30 167 70 777
489 81 92 1132 602 1061 796 182 94 311 37
490 16 220 1638 1509 1639 761 1322 1640 3491
491 1335 1641 742 1178 24 1504 863 141 1642 1643 94 1590 3310
492 457 95 82 139 1131 48 92 155 602 213
493 615 1105 798 244 242 241 167 616 30 243 211
494 1644 1645 1646 1647 885 565 1648 37 967 1385 472
495 92 45 368 52 51 185
496 312 1192 86 331 367 793 47 1649 1043 45 715 457
497 466 30 307 458 16
498 82 30 728 602 653 1650 1016
499 311 457 47 1651 139 308 92 93 45 1957
500 338 1652 87 27 175 1653 37 903 1208 1654 404 65 368
501 1655 1288 769 765 687 994 218 425 763 1 79
502 2 171 1192 16 1035 666
503 79 76 228 26 190 256 1 1656 9 14
504 801 1657 168 867 1658 290 1578 866 919 1312
505 86 1659 65 96 27 1435 291 418 18 87
506 765 16 157 193 375 1660 171 1095 1661 19 1662 637 1458
507 16 662 174 253 1663 175 596 116 325 70 810
508 970 1664 642 1665 972 874 1666 196 1667 868 19 1458 1668 3512
509 618 1326 1586 16 1030 1669 1330
510 1670 673 161 20 193 262 1242
511 866 1555 118 27 992 158 1671 24
512 1672 1673 1674 3513
513 1675 339 97 52 37
514 51 63 184 1676 46 1677 1678 1679 59 3514
515 372 370 294 123 17 205 1680 1681 1015 613
516 832 1389 1682 273 1683 1072 839 86 369 1118 1071 268 272 1116 278 1077 1684 1165
517 650
518 1576 1685 1686 30 618 3515
519 208 998 745 75 295 291 145 218 1687 443 746 765
520 1020 143 1688 1689 1690 1399 1691 1692 1693 49 1694 36 348 1695 1696 1042 3516 1802
521 183 1132 1233 1697 3517
522 1698 1699 1700 1239 1701 103 674 1702 1703 102 1704 3518
523 256 119 368 220 1705 170 747 3 1 208 1706 1060
524 1707 1070 272 1073 268 281 1288 1708 1071 288
525 21 223 1431 22 320 756 71 1434 73 120
526 1709 51 24 47 414 287 170 30 26
527 96 1062 395 52 1044 715 45
528 1710 683 1711 91 45 1712 40 1713 500 1714 1409 1715 695 1413 3519
529 831 96 47 52 181 748 80 750 1041 95 81 1
530 1716 296 137 797 97 94 47 184
531 1410 1717 1718 40 1719 1409 1720 682 513 1721 1480 678
532 85 30 65 475 1819
533 1722 294 52 45 368 87 26 96
534 1723 404 1312 962 1724 1725 1726 1727 1728 105 1729 1486 10 174 630 596
535 24 1730 404 385 16 220 172
536 615 616 140 243 211 48 27 1731 139 82 308
537 193 1732 1733 1734 262 1735 641 1736 1348 946
538 1737 24 614 1738 291 1739 158 1147 1740 745 143 1151 1741 854 19 159 1370
539 47 1742 262 127 37 830 1082 1549
540 336 1295 1130 162 163 166 914 1743 150
541 372 804 158 150 1744 1397 690 876
542 312 1745 1580
543 327 439 1746 592 24 17 1747 291 75 1748 1021 26 214 30 3520
544 1749 193 974 664 1750 1751 644
545 1576 162 171 1752 19 1753 160 329 16 65 89
546 1650 1218 82 212 137 300 1041 307 308 475 155 139
547 65 1754 52 1755 155 93 976
548 630 184 1756 45 135 1969
549 155 367 301 212 139 140 1757 3521
550 14 30 65 24 418 241 665 1301 27 16 150
551 285 193 282 262 16 283 187 189 191
552 1155 1570 420 459 272 817 220 218 687 10
553 48 139 52 465 460 1086 45 347 893 185
554 1758 370 1759 1760 534 1114 1761 881 1762 1496 1763 385
555 1764 1765 1766 171 175 167 1767 804 1768 1769 1231 1179 1770 526 561 3125
556 1771 1772 1234 145 1773 325 445 1774 30 662 2747
557 143 47 37 52 86 95 1775 112 1083 44 3522
558 167 41 1776 553 1485 26 1777 30 16 1778 994
559 23 1779 175 166 171 1150 409 575 397 19 2
560 1780 658 234 1781 2079
561 1782 1783 1784 1785 1786 1787 239 1788 1789 1790 1330 3109
562 256 81 75 141 481 212 24
563 78 208 1202 90 141 1791 75 1792 256 1363 296 347 1793 443 1794 1 963 392
564 97 26 831 184 287 1378 296 1198 9 24 481 347 181 90 1
565 291 118 1795 2981
566 1796 665 27 118 929
567 161 637 1797 164 719 1798 262
568 1799 1800 1689 1801 1399 52 1364 1802 46 36 92 1020
569 710 1803 1804 1805 3100
570 979 70 24 445 167 575 75 26
571 87 586 64 743 309 86 324 189 2522
572 65 478 287 616 52 184 86 87 66 1083 460 1086 44 1806 370
573 1807 122 175 113 171 1808 120 170 16
574 19 1330 16 228 1809 1320 171 1638 76 175
575 65 1810 372 16 1811 1114 1145 272
576 436 1434 297 123 236 994 1812 180 613 295 73 1813 1814 770 1815 1816 1335 2083
577 314 1601 1385 410 191 16 189 3486
578 17 436 175 1317 711 1335 70 26 75 1817 445
579 22 175 557 438 70 1818 24 1182 16 146 108 26
580 17 26 187 451 145 445 70 327 24
581 26 82 842 47 95 44 51 96 52 199 830
582 1231 1819 948 89 70 146 158 1820 793 162 1129 65 1821 1822 30
583 1823 312 44 1824 17
584 1331 1825 1826 1681 74 667 23 1153 666 1827 1828 1829 331
585 1019 1830 579 828 1831 47 37 52 51 1832 1883
586 596 24 1833 1834 651
587 96 48 51 82 92
588 287 45 1835 1836 1052 205 63 1837 294 9 143 198 916 3523
589 16 821 1185 146 466 108 30 673
590 1397 140 1838 1839 186 27 289 1840 213 555 24 1256 48 65 1841 488 1471 794
591 103 1842 1843 1844 1845 1846 1493 37 666 1742 1847 102 1239 107 674
592 1275 831 891 236 74 763 1797 1336 175 994 1848 323 108 486
593 123 1152 894 1849 1194 892 171 1850 228 1730 96 2304
594 1259 1851 1852 474 1853 1709 1854 1228 1855 401 1856 1857 37 472 1858 1859 466
595 213 139 82 308 311 65 155 140 212 45
596 520 123 201 627 926 1335 383 804 175 1 121 765
597 30 1860 329 164 451 157 65 189 946 158 691 1095
598 93 368 91 1861 49 65 243 1862 370 24 145
599 830 831 9 1863 95 1864 915 47
600 1865 1866 1867 65 1868 1076 378 3524
601 228 1082 1869 112 16 1870 1871 1872 1873 19 397 372 1035 86 1874 577
602 1020 95 1875 1876 96 52 47
603 1877 216
604 1009 65 372 490 75 1345 199 403 479 87 562 26
605 1705 296 1 443 963 484 1404 1774 9 368 1878 392 1879 918 97
606 26 552 44 1370 92 87 1041 80 212 137 312 445 184
607 592 1880 1437 1881 1255 1882 1883 1884 1885 1886 1887 3525
608 1761 1888 532 1889 1890 1891 1545
609 1007 729 948 1659 1892 1893 865 2212
610 86 2469
611 1056 120 1894 1431 31 1895 567 1189 123 1896 1290 73 926 3526
612 1897 492 288 70 1898 295 292 1150 220 175
613 765 1288 169 1899 1238 1900 1901 1122 1118
614 52 45 96 82 93 1651 48
615 167 461 189 1182 475 1264 146 191 1819
616 1902 744 475 1903 82 796 715 199 797 87
617 145 1864 24 1904 296 443 442 1187 97 1905 426 481 966 47 26 2460
618 475 478 1264 87 96 137 1510
619 158 690 30 244 1113 1603 225 660 241 1295 294 615 167
620 1820 1906 1907 1535 167 331 3527
621 90 95 1061 457 92 1204 1069 653 63 311 139
622 94 141 79 51 52 205 184 181 602 90 1864
623 870 556 175 1908 253 262
624 1666 870 972 229 47 637 1425 330 1909 262 189 1910 1911 1912 2012
625 167 34 1064 667 146 2035
626 1018 95 52 81 97 82 47 1913 93 318 1887 1914 1061
627 65 1050 45 139 1588 1915 405 1002 82 1916 941 184 1052
628 150 27 1615 1917 405 15 87 665 1296 659 3528
629 93 212 300 139 87 140 311 45 34 48 96 600
630 208 1918 903 425 218 765 1275 1287 3 420 1315 1919 1920 817 1921 1313
631 82 1922 92 46 1061 797 457 52 199 51 139 45 95
632 598 108 19 1241 40 808 30
633 256 1 208 368 746 12 271 1923 5 172 87
634 218 420 588 325 1122 1924 1925 248 763 817
635 26 30 65 52 1062 17 167 24 27 70 729 140
636 309 93 92 311 1084 44 87 472 45 82
637 47 139 184 1 92 1041 95 97
638 94 143 1 9 291 939 141 1926 24
639 210 1927 220 776 1928 1929 208 1930 1843
640 22 1931 994 1932 528 1933 927 181 180 321 763 24 90 1934 71
641 1867 1935 1936 687 1937 273 1938 1363
642 1135 16 123 694 633 170 121 297 288 1939 804 406 612 12
643 650 239 30
644 297 13 880 149 1165 9 357 65 2 1779 1836 1237 148
645 370 385 37 81 199 1940 1308 1084 1941 17 65 466
646 422 425 208 220
647 93 91 48 24 45 82 65 52 96
648 47 45 1942 46 95 52 82 212
649 314 602 311 45 92 308 52
650 1943 1409 1383 1944 683 1945 1946 1408 1713 308 1947 1948 91
651 1949 312 577 52 1370 1755 1950 242 370 586 186 1083 1951 65 465 1086
652 262 87 1952 641 189 719 1953 558
653 1954 1955 312 1956 1957 1958 716
654 781 1502 1959 1807 1960 1961 253 1579 255 2161
655 1962
656 175 763 1938 1963 687 809
657 65 808 720 673 85 282
658 1964 29 170 486 1965 145 327 273 291 1966 1967 347
659 52 47 1968 46 92 95 212 3529
660 749 208 747 420 1969 218 404 1287 320 687 1363 866 925 1467 1315 1970 1971 1122
661 282 694 1972 189 987 16 980 641 187
662 158 65 162 690 1973 87 876 167 665 159 1769 27
663 199 730 184 47 52 331 82 309 95 65
664 383 26 432 122 113 1729 995 842 747 749 23 443 382 9 520 1363
665 1974 16 295 1138
666 229 618 804 16 239 19
667 30 120 22 71 1434 175 74 1975 617 1976 567 21
668 95 48 47 82 52 63 30
669 48 1032 47 655 45 17 312 93 50 52
670 1977 220 586 1116 1978 112 67 1979 1980 1811 1981 1982 1928 370
671 1016 51 830 264
672 1983 1984 1985 1986 1987 254 1988 738 1010 1989 1990 1991 3530
673 925 404 1992 919 175 1815 1663 1993 1994 440 26 325 1006 926 256 420
674 1995 1074 1996 24 272 1997 774 270 462 1071 376 313 459 273 743
675 1326 47 1840 16 27
676 719 19 558 193 370 16 171 96 329
677 199 1998 129 1999 831 911 774 748 37 201 2000 87 95 127 3531
678 1043 1892 2001 213 2002 48
679 1576 804 2003 2004 1681 2005 960 620 759 1430 123 1377 167 30 1305 952 1770
680 189 86 2006 30
681 65 2007 40 2008 2009 52 1654 2010 1797 709 2011 1840 1413 560
682 167 70 85 24 108 30 175
683 16 451 2012 262 868 637
684 1259 313 2013 2014 146 1194 1192 309 1829 2015 2016 2017 2018 183
685 290 27 338 1397 65 158 87 958
686 552 2019 24 2020 1132 94 481 2021 1812 966
687 984 290 205 2022 830 1542 889 2023 3241
688 1831 185 198 65 87 1885 199 143 616 190 86 1645 1201 1255
689 329 160 2024 426 297 2025 1486
690 866 665 241 244 150 287 1769 2026 2027 156 852 2028 1296
691 82 48 26 52 797
692 1076 228 170 70 297 26 613 2029 113
693 175 158 87 65 991 167 27 40
694 159 713 2030 167 162 2031 2032 225
695 822 464 45 3130
696 763 170 2033 24 1574 108 102 30
697 108 1957 70 30 22 24 145 763
698 96 87 308 37 2034 311 93 17
699 94 756 347 205 140 79 87 223 29
700 79 96 141 1194 74 256 1561 94 23 97
701 30 2035 146 663 309 1062 475 2036 27 65 1819
702 1905 208 2037 767 836 218 420 1155 1 588 1835 408 1363 295
703 459 2038 1586 368 371 1074 2039 220 87 30
704 418 45 158 87 86 85 405 1080 65
705 180 618 26 228 175 2040 768 22
706 2041 141 789 711 2042 121 123 359 120 1312 116 443 380 73
707 2043 1840 27 941 65 2044 459 47 45 1201 881 30 52 143 273 172 2045 2291 368
708 308 213 312 82 977 139 143 2046 140
709 1531 804 75 26 87 324
710 777 199 45 65 96 185 95 205 47 63
711 91 2047 32 1042 1556 331 678 41 2048 2049 357 24 487 2050 680
712 2051 2052 1251 2735
713 27 2053 444 16 1586 169 2054 175 2055 614
714 2056 2057 85 167 497 30 1490 1111 96
715 833 556 217 748 295 1127 629 2058 2059 97 280 2060 1971 1427 1217 218
716 52 37 44 2061 96 81 94 27 1033 1020 82 118
717 144 2062 313 189 968 143 1084 424 1070 2063 86 16 1581
718 296 1 16 95 199 1154 208 9 1791 90 484 48 5
719 49 63 185 155 139 45 82 51 96 140 92
720 249 2064 113 2065 297 1506 2066 1312 149 381 2067 3532
721 297 1434 575 21 756 568 2068 574 2069 852 73 567 120 118 1326 236 620 141
722 30 1063 70 175 979 2015 1182
723 30 205 487 1860 606 403
724 26 75 2070 866 1105 158 70 150 243 87 308 65 721
725 822 41
726 65 439 30 2071 40 447 2960
727 1086 312 95 1829 139 52 729 894 65 186 2072 140
728 420 1275 145 481 70 871 256 87
729 27 150 65 1334 167 87 75 664 2073 693 996
730 90 24 45 47 97 1132 96 26 52 37 181 296 831
731 2074 145 26 70 288 24 1118 667 331
732 139 47 51 52 65 92 830 45
733 2075 577 1631 2076 2077 497 645 2078 691 2079 262 164 3533
734 2080 765 2081 218 2082 220 2083 2038 3261
735 673 191 187 189 16 793 2256
736 2084 2085 425 2086 102 2087 2088 2089 3534
737 295 1428 2090 590 114 2091 1465 2092 2093 459 220 2094 2095 463 2096 8 1001 404
738 212 47 95 82 184 2097 52
739 24 2098 122 287 633 1323 121 297
740 420 2099 2100 2101 228 112 370 65 2102 175 765 1 774 2103 3535
741 558 2104 2105 2106 198 158 167
742 95 842 74 742 2107 213 457 45 2108 201
743 93 96 65 1195 45 309 82 311 307 87 92 52
744 2109 543 2110 2111 2112 529 2113 536 2114 1536 2115 65 199
745 336 166 27 2116 2117 2118 302 2119 162 65 150 163
746 297 2120 9 1312 2121 1 121 24 380 1403 31 70 966 75 409 766 347
747 24 1061 2122 213 475 2123 167 137 215 140
748 82 44 730 48 457 47 95 96
749 82 1061 139 2124 95 47 51 797 303 92 777 52
750 2125 659 48 553 94 327 2123 948 1537
751 26 65 1555 158 2126 30 958 85 145 2127 167 27
752 82 65 52 1263 37
753 2128 2129 2130 2131 2132 2133 2134 2135 2136 2137 2138 2139 2140 2141 2142 2143 2740
754 26 404 1619 1268 30 1179 436 175 24
755 252 2144 1056 2145 1310 41 1803 2146 2147 32 2148 1023 428 1406 349
756 488 169 2149 815 753 1619 852 780 150 2150 362 27
757 16 26 108 145 22 2151 175 24 327 756
758 254 26 1320 2152 2153 1791 443 2154 395 14 2155 2156 568 2157 2158 1964 1434
759 2159 2160 87 311 221 451 65 313 86 193
760 1109 812 1220 557 3536
761 1660 282 2161 16 171 170 2162 673
762 287 120 70 118 22 747 297 24 1434 596 73 71 145 756
763 309 45 300 307 2163 52 1069 1819 299 65
764 2043 2164 1237 2165 880 1536 2166 86 1654 2167 885 2168 2010 313 941
765 190 2169 171 19 692 86 170
766 808 362 158 150 834 2245
767 65 16 87 425
768 2170 1033 1083 79 95 1 37
769 297 2171 113 427 397 123 633 122 249 2172 383 661 804 1278 381 416 23 404 1023 121 147 1578
770 113 370 1486 392 2173 297 67 2174 404 295 228 427 925 23 171 325
771 65 161 1522 160 158 329 87 419 1368
772 1601 577 2175 30 23 2176 228 1826 3537
773 17 289 2024 1619 146 96 2177 2054 2055
774 1213 2178 2179 1306 2180 432 433 630 789 359 2181 1056 2182 678 732 682 113 1279 348 428 2183 1904 437 116 435 1132
775 951 2184 862 710 2185 167 2186 1162
776 27 87 199 2187 2188 150 94 1080 241 744 320 665 309 244 475 690
777 19 157 2189 2190 1035
778 820 114 817 590 249 248 2091 812 587 253 1570 2191 1465 2065 1122
779 948 487 322 1651 777 94 185 1061 49 3538
780 123 22 567 790 120 180 813 2171 2192 1323 73 575 2821
781 979 75 2193 174 1765 1220 26 2194 70 1182 145 24
782 2195 830 2039 2196 10 1343 1929 2197 459 1074
783 44 2198 303 2199 82 199 51 139 1716 48 47 49 63
784 49 44 92 184 51 95 312 82 52 1209
785 44 579 0 828 313 97 17 312 112 455 884 200 318
786 40 491 159 2200 162 85 754 160 244
787 2201 327 430 613 145 2202 35 26 2203 169 323 428 1797 2204 78
788 16 26 2205 438 175 180 70 76 30 2206 228
789 2207 294 1651 296 141 457 96 143 308 23
790 457 45 915 599 65 98 90 2208 1154 2174 128
791 1328 2209 648 1323 657 255 2079 2210 803 112 1500 1035 171 253 2161 1232
792 167 313 1344 44 309 716 1007 2211 2212 27 200 2213 826 1588
793 52 287 90 94 155 456 97 455 1131 796 199
794 995 24 747 145 26 842 1363 2214 75 70
795 26 76 70 842 175 30 766 24
796 1530 651 3539
797 2215 198 86 466 916 1567 664 2216 143 2217 402 98 1812 2218 276 87 2219 205
798 193 874 451
799 146 663 16 309 167 1819 30
800 171 1151 19 228 894 16 556 1134 2220 613 1150 288 175
801 65 82 185 92 44 49 52 46 51
802 743 12 278 445 347 175 920 833 1776 1522 945 1486 965 383 273 1224
803 139 1195 1204 82 300 92 307 140 52 213 93 137
804 2221 218 2222 2223 813 2224 2225 108 2226 2227 2228 3540
805 1147 2229 283
806 1052 52 155 139 185 82 311 93 140
807 395 70 1003 314 167 30 842 1819
808 1417 2230 69 63 2231 364 3272
809 52 212 46 47 82 92 300 137 49
810 797 47 82 52 95 826 49 45 341 212
811 475 24 16 175 27 87 37 309 86 2232 65
812 19 449 803 171 230 2233 1249 2234 175 16 1661 1401 799
813 12 18 916 401 295 87 948 86 1645 1371 205 1311 804 2235 13 143 2236 198
814 2181 2237 1434 70 170 575 22 16 2238 430
815 651 1530
816 230 1372 371 1076 1074 272 297 378 561
817 2160 2239 98 368 26 2007 2009 85 1246 1114
818 447 16 171 673 1035 2240 1638 438 2241 85 2053 444 196
819 1023 960 67 241 1237 24 113 732
820 2242 1723 381 2243 229 1031 123 2127 2244 16 19 262 14 171 230
821 52 47 45 9 97 184 46 6
822 242 1397 2245 48 1293 2123 363 1892
823 1306 653 2183 1213
824 193 2246 157 561 1095 158 329 946 1348 1111 834
825 86 30 404 289 65 308 1086 89 87 24 198 143 2247 425 1134
826 87 47 95 213 842 52 167 308
827 475 363 418 45 82 52 2248 213 96 309 1161
828 2151 108 618 16
829 807 273 743 746 272 2249 278 945 1391 839 693 2250 2251 2252 86 1389 2253 1118
830 664 1840 65 87 48 27 1080 622 371
831 45 51 185 97 1 44 184 1801 52 1018 37 92 2254 46 1883 1020 3541
832 81 128 47 198 966 48 205 2255 45 1885 52 457
833 2256 868 16 462
834 327 85 65 26 228 175 256 95 145 87 659 170 30
835 9 806 946 839 1125 1217 558 19 193 12 2257 157
836 294 26 165 76 2258 988 262 665 1057 3542
837 139 977 140 52 44 331 82
838 175 70 325 2259 76 1194 1938 1134 158 763 687
839 382 927 383 123 830 23 97 141 26 1331 1681 1 75 17
840 665 241 1113 65 1301 27 418 362 161 808
841 979 428 2260 2261 2262 253 2263 2264 2265 1026 2266 500 1147 40
842 960 1 404 0 1237 14 765 2267 401 2268 1211 380 1578 1616 23 596 3543
843 2269 332 2270 322 2271 2050 1366 2272 2273 2274 3053
844 2021 1041 228 1140 440 1826 464 1152 1342 1150 291
845 295 1516 2275 2276 2277 746 2278 2279 2280 2281 2067 2282 768 3544
846 30 369 866 1392 2283 497 193 27 2284 158
847 633 432 2285 2286 122 383 2287 416 397 427 113 297 2288 627 2171 494 249 2502 374
848 205 2289 2242 2290 193 2291 2292 86 2215 118 45 1739
849 2212 137 315 139 457 140
850 262 1487 336 1035 328 1089 283 870 1305 2293 1499
851 1531 458 2294 910 221 830 1645 199
852 75 24 26 256 1004 2295 2296 994 201 659 70
853 1487 16 561 26 108 756 574
854 294 272 1970 2297 260 268 89 746 1077 275 1073 259 459 278 745 2501
855 2298 432 494 627 427 122 2024 2299 2300 2301 2302 629 633 789 383 433 492 113 628 297 2288
856 47 1047 1907 2303 65 86 49 728 308 199 1541
857 1242 852 87 718 616 163 27 244 49 837
858 2304 170 1993 2305 597 288 325 324 2306 1337 24
859 2307 1671 613 27 2308 1178 2309 24 287 866 1812 50 321
860 797 2310 90 92 95 2273
861 438 167 287 30 873 321 26 2311 91 2312 70 1090 16
862 213 167 242 244 2123 243 241 65 1065 1819
863 2259 1401 2313 1232 1340 575 2314 171 2172 921 236 1179 2315 1265 2316 950
864 244 949 1113 1973 225 241 2317 665
865 16 1962 407 217 641 694
866 268 280 2318 1294 372 67 2319 272 1683 374 279 3545
867 95 458 327 26 180
868 842 443 26 24 575 48
869 97 963 172 280 768 273 2320 368 830 459
870 2321 66 2322 776 1877 145 411
871 1711 1797 2323 1410 2324 439 40 2325 1408 1409 2326 2327 1412
872 49 2260 2328 615 2192 1233 1430 792 36 1824
873 288 1198 474 1315 1 420 596 199 2329 425
874 2062 198 65 45 1885 339 67 359 2330 49 487 128
875 1932 236 71 2331 21 180 2332 2193 2333 725
876 2153 2334 703 2335 2336 1638 16 1035 3070
877 2337 1590 2338 2129 1343 426 3546
878 167 213 70 87 37 16 466 1397 27 26
879 82 139 95 52
880 49 457 92 45 796 47 52 70 865 81
881 988 1819 2126 869 158 2339 89 165
882 2340 73 575 70 2341 75 436 9 1680 2342 141
883 26 141 16 344 199 34 842 964 577 309
884 167 2343 87 1819 1820 65 27 30 146 475
885 372 16 1578 2344 123 1192 397 2345 416 1305 147 7 1331 290
886 27 199 65 744 96 47
887 12 2346 2347 3547
888 30 438 618 113 65 596 1576 1555 933 24
889 19 121 191 449 230 1449 2348 272 385 157 608 193 123 229 803 171 558
890 586 2252 556 1177 65 1900
891 148 1506 2349 149 2350 1166 3029
892 998 1770 2351 1377 321 118 1434 2352 2353 48 22 1632 1430
893 16 1114 150 2354 1404 630 883 370 1328 1308 198 1053
894 45 303 1061 86 65 2008 308 87 2355 49 63 311 339
895 82 52 65 776 95 47 96 309 37 199
896 1397 27 167 616 1113 2356 719 65
897 185 82 1132 96 52 797 49 2357 312 311 966 95 92
898 856 380 73 120 575 1335 70 1132 2358 596 2359 2155
899 113 170 220 291 256 627 1917 2360 1335 892 23 1681 175
900 17 75 288 16 171
901 970 2361 613 2362 487 167
902 1639 891 1 2363 2364 2365 1645 384 2366 52 2367 1681 16 220 1100
903 300 311 308 139 45 92 366
904 2368 2369 2370 707 2371 2372 967 2373 2374 2375 2376 2377 2378 2379 2380 2381 703 2382 3548 1704
905 789 91 21 575 436 175 225 2383 430 1266 2384 120 678
906 2385 1086 479 2386 66 27 69 180
907 87 2387 65 147 171 803 228 370 96 19 2388 2169 140
908 86 312 213 2389 140 826 3549
909 46 203 52 51 828 97 13 2390 143 45 184 47 36 49
910 2391 2392 776 184 2393 208 24 2394 1443 1
911 2395 1178 1434 1431 994 2396 520 108 2397 2540
912 1904 26 430 443 2398 439 1023 116 1406 348 359 426 32 487 1768 789 2148 357
913 1320 2015 2017 2399 1259 314 295 175 31
914 312 850 2400 578 2401 2402 2403 579
915 1768 2404 1434 2210 803 1770 2405 1271 116 1328 372 860 1764 381
916 27 948 87 65 273 70
917 694 208 18 1840 425
918 1301 241 1184 48 690 615 86 65 27 729 418
919 24 87 1487 167 1301 1124 1397 27 2523
920 45 91 308 139
921 626 120 47 756 2406 854 118 1198 1430 948 3550
922 2407 1090 798 1183 121 167 756 22 118 30 123 120 71 3551
923 127 82 828 63 45 47 51 92 797 37 52 44 2697
924 19 161 1241 558 641 157 16 3552
925 956 608 1090 526 842 70 1003 167
926 82 213 140 27 690
927 78 108 16 1834 30 175 596
928 898 2188 901 243 27 1487
929 90 181 95 370 155 87 52 184 602 47 318 863 842 59
930 92 1080 371 2408 942 48 87 419 2523
931 30 1586 1185 16 618 41 1035 2409 26 1576
932 558 313 561 405 1118 1458 693 329
933 36 264 79 92 1020 2410 212 1042
934 728 1184 1145 86 370 2411 87 27 372 65 1298
935 220 208 425 2412 1935 295 2 170 2413 41
936 1867 1242 158 875 2414 439 336 166 2415 159
937 1239 674 1700 670 103 2416 1704 673 2417 666 698
938 2418 308 37 1651 2337 1050 52 313 81 456
939 69 87 49 478 308 51 457 212 1408 65
940 764 520 123 765 2 1814 1238 325 940 1340 218 891 2419 1
941 2420 1994 2421 1337 1444 288 170 2422 2305 3553
942 1185 666 1239 2423 673 674 2626
943 425 208 1919 1920 420 202 1315 10 1570 1656 2424 5
944 322 91 308 65 695 487 418 45 1411
945 1220 87 158 665 96 193 27 557 167 241
946 2425 2426 189 65 282 27 402 30
947 45 2212 48 52 308 440 24 82 141
948 587 1465 31 2427 253 813 73 2428 781 1183 2429 567
949 82 155 93 311 476 52 140 1069 457 49
950 2430 2431 120 2432 1231 321 1305 3554
951 26 2433 218 175 596 145
952 2434 1434 608 120 297 1335 73 1183 2435 432 1328 436 1329 1534 575 3555
953 70 24 191 27 26 650 30 3462
954 175 994 24 2436 1179 141 1265 2437 256 1618 67 763
955 1679 63 2158 481 296 1651 139 1061 96 48 308 93
956 141 528 383 391 443 2438 1320 960 436 1593 23 1681 2439 94 2171 2342 2192 381 801 372
957 1821 793 407 2036 419 309 1906 948 1046 3556
958 1218 140 307 744 299 139 137
959 37 27 92 137 47 729 312 303 716 18
960 312 45 48 46 475 1069 139 185 3557
961 174 1352 804 1310 1464 64 2440 788 789 1660 16 30 123 1306 352 612 19 1294 756
962 2068 666 2441 1602 674 1493 2442 2443 2444 2445 2446 2447 698 1703 1239 30 103 17 670
963 30 742 2448 1663 598 1576 2449 2205 810
964 766 443 842 2450 1793 3558
965 2451 16 3559
966 347 405 95 45 1 205 65 2452 2453 52 44 86 1495 3560
967 16 218 1057 459 1819 813 809 475 70 26 167 812
968 165 2454 1065 809 1066 85 27 158 2256 2455 820 1111 362 2226 30 167
969 52 47 205 212 1819 30 475 748 95 45 309 793 1757 301 715
970 87 24 158 26 798 2456 27
971 2024 24 47 44 95 45 167 63 52 199
972 82 902 51 312 309
973 321 2457 2382 1745 2458 41 239 2459 3561
974 715 74 425 145 2460 1194 687 16 0
975 2461 1131 296 256 2041 291 443 24 141 1656 9 26 79 762 842
976 2462 666 2373 2463 1104 2464 32 2382 2465 96 2466 2467 2380 707 116 3562
977 16 3563
978 170 180 1397 747 994 273 925 926 418 780 2150 815
979 82 307 140 52 65 213 137 146 1044 139 92
980 70 481 1641 24 26 327 2468 1524 27 324
981 1178 26 32 2469 74 829
982 318 798 826 62 2470 1376 1032 291 948 17 27 179 576
983 9 26 220 79 75 295 962
984 2471 2472 2473 611 120 2474 123 2475 608 1578 526 381 612 2427 118 516
985 618 1956 287 1893 1557 2476 1017 108 223 1955
986 70 75 1100 24 78
987 167 180 321 241 475 242
988 1076 217 272 746 248 279 1125 459 596 273 368 420 260 1217 1216 1070
989 509 2477 2478 2479 2480 2481 2482 2483 2484 2485 2486 1169 2487 2271 2488 2489 2490 2516
990 86 87 65 1659 2491 180 71 47 200 89
991 49 287 2492 9 1132 44 716
992 868 189 637 641 1535 2493 164 935 282 18 577 925 230 234 86 16
993 2172 290 2098 24 256 1708 1772 30 12 2494 170 481 2242
994 86 1 716 58 313 1536 2495 79 729 15 1915 312 143 199 3564
995 1237 7 1900 245 803 1143 1574 287 1 399 409 113 716 2496 813
996 2497 16 739 2498 14 1 368 458 145
997 1001 2499 1663 1961 1515 2500 556 253 1866 1867 803 2429
998 1076 2501 297 2502 113 630 2503 432 2504 627 171 2505 383 122 1321
999 457 80 295 96 443 45 47 1363 1194 9 1 97 966 184 748 143 1404 181 1202 90
1000 2039 729 279 272 1654 1002 58 2168 368 2164 1683 376 746 658 1073 9 3565 24
1001 2506 221
1002 93 183 37
1003 929 329 1736 371 721 243 30 158
1004 567 678 237 2507 661 427 2508 789 2434 297 1180 803 2509 2510 2179 627 351 3566 3186
1005 95 82 47 81 2511 199 137 37 44 58
1006 1241 329 1371 19 665 65 691 157 1203
1007 225 615 2512 616 241 162 1407 1113 690 244
1008 488 171 2513 2514 904 147 123 30 1377 804 608 22 1401
1009 52 332 322 2410 1042 2273 2515 36 1020 46 49
1010 70 30 26 296 716 481 1602 65 175
1011 1366 2410 2479 2383 2269 2274 2516 2049 2517 2270 1042 49 2050 332 2518 2273 3567 2485
1012 150 30 1124 85 876 193 65
1013 2519 308 2520 2521 17 1083 616
1014 51 81 1020 47 97 199 52 70 184 46 181 95 296
1015 140
1016 139 91 94 2522 82 140 1359 2523 93
1017 567 73 2524 22 2525 1278 2526 2527 1534 2528 517 2529 1766 2530 167 612 123
1018 44 309 842 47 52 90 139 82 199 86 748
1019 1072 806 459 2095 768 178 1514 278 264 1520 272 2281 1070 838 172 1076 218 1078
1020 167 165 158 193 30 2531 85 1819 753 27
1021 2212 347 87 457 308 180 792 344 1622 964
1022 87 313 295 228 1234 218 79 141 143 891
1023 155 212 137 2532 139 48 154 1041 140
1024 213 730 82 44 96 865 48
1025 75 1129 70 314 26 16
1026 2533 47 2534 89 1836 14 2235 2535 2536 826 794
1027 30 47 82 137 311 976 37 51 309 95
1028 184 796 1131 602 48 215 139 97
1029 1041 143 318 2537 52 205 564 14 1836 886 198 47 95 1915 470 98 37 777
1030 229 171 1663 1006 169 803 2475 1992 2538 16
1031 212 65 203 199 137 2537 3568
1032 520 575 436 428 2539 2540 569 108 141 443 73 1403
1033 315 460 67 96 652 794 1083 465 841
1034 1239 2451 2541 674 2542 2543 673 666 670 3569
1035 312 82 213 155 212 364 1376 139
1036 175 1254 312 716 228 729 309 86 321 1524 1218
1037 448 65 1068 19 189 157 692 2544 2545 2546 2547 1368
1038 769 830 16 761 278 2548 765 2549 1645 377 370 220 405 1975 7
1039 1993 2550 440 170 2551 175 218 1811
1040 2552 183 140 850 847 184
1041 948 88 89 419 1637 2187 1731 991 623 2574
1042 325 960 170 2553 1310 2305 1814
1043 12 26 24 2554 1994 3570
1044 2555 2556 1326 401 2557 7 2558 1154 2559 424 148 370 149 2560 112 13 3571
1045 436 2561 765 2562 2529 2405 430 791 2178 22 73 678 789 3572
1046 804 801 948 1294 123 67 1306 87 121 787 239 205
1047 158 1002 1822 2563 2564 87 754 419 376 160 1736
1048 945 27 65 2283 96 929 690 670 944
1049 19 289 948 453 171 65 16 164 228
1050 842 27 2036 30 167 242 2245 1819 665
1051 12 307 480 62
1052 425 459 673 16 368 1877 172 220
1053 747 2365 219 2320 1131 119 2565 7 2566 70 51 2567 590 1465 1706 2363 1656 917
1054 24 368 175 30 2568 3 1576
1055 150 2569 2570 2571 30 2572 1672
1056 70 148 297 2573 880 1506 149 1323
1057 331 327 659 70 445 24 180 26 74 842 1189
1058 1041 464
1059 16 205 985 86 191 980 190 987 692 45 1541 3573
1060 436 119 1323 297 73 220 584 113 765 763 443
1061 651 1108
1062 27 158 63 167 1242 193 162 161 65
1063 89 623 1755 1820 1821 1951 2574 1045 1731 948 1046
1064 327 2575 1473 1218 26 70 52 2576 2577 1194 2578 2579 324
1065 185 45 1651 24 96 326 475
1066 1904 93 24 777 91 1721 47 296 1477 3574
1067 2434 297 236 2580 590 1814 765 818 596 264 2096 436 2525 1707 420 2581 1335 2499 2360 114
1068 240 122 789 123 1837 23 294 374 1294 703 1305 804 74 297 228 1331 1770 494
1069 241 475 262 665 167 87 1065
1070 95 45 90 81 181 1 2582 47 2583 774
1071 1705 1 831 2584 2585 24 2586 182 2587 347 2 181 492 79 481 94
1072 97 44 52 81 184 94 93 2588 47
1073 73 519 526 1917 108 1534 618 575 2589 568 520 926 16
1074 347 94 842 9 141 1131 75 79 26 831 296 1397 90 17
1075 95 139 311 93 52 81 47 92 213 82 45 1132 155 97
1076 1729 443 1971 73 296 919 75 1878 2590 436 31
1077 289 673 292 295 2312 30 221 16 410 3575
1078 30 1963 409 774 175 440 76 70 1576
1079 439 2591 362 2592 444 1058 2055 446 941
1080 2560 370 1083 596 1086 2318 24 789 180 2593 1486 586 577 2594 9
1081 683 2595 436 2341 2596 3576
1082 1963 2597 85 30 167 89 76 309 719 146 1193
1083 968 2198 82 155 1929 140 797 367 212 331 139 2598 779 344 1007 312 2705
1084 27 48 45 81 139 26 63 82 481 94 90
1085 1843 16 327 1745 239 619 108
1086 235 144 16 30 24 64 2599 1576
1087 119 768 1 1005 113
1088 738 297 678 432 22 428 113 734 1169 357 359 2301 348 1323
1089 2600 189 1645 618 1250 2601 16 253
1090 30 191 167 2220 2602 2603 3577
1091 5 3 2604 2605 422 220 14 903
1092 425 207 3 765 2606 903
1093 813 208 765 2607 2608 763 2609 2610 1452 891 218
1094 180 30 965 2611 1 574 2181 2612 21 16 175
1095 204 459 273 2613 2614 239
1096 1819 1734 2615 161 1860 693
1097 2616 2588 716 2309 2617 71 1032 182 2061 201 1876 324
1098 87 48 27 1397 1862 965 1377 223 24 488
1099 2333 287 2618 2619 1184 1772 729 2620 180 1060 2083 1616 1032 756 313 1932
1100 97 26 1812 17 1 143 201 22
1101 75 14 1132 175 831 181 994 24 1905 331 74 205 1 9
1102 2621 2622 2623 2624 167 2529 2625 3195
1103 59 184 312 2392 52 221 212 45 80 51
1104 16 1738 24 2043 1239 1132 382 7 673 1619 2287
1105 666 1493 2447 103 1703 2626 2627 1239 674 2628 2629 673
1106 368 2 86 170 9
1107 37 65 129 2630 2631 309 466
1108 803 1023 30 255 171 16 149 113 1500 1434 1305 1321 174 1035 1323
1109 199 2220 198 306 2632 777 98
1110 1807 385 2633 2634 398 2635 2636 2404 3578
1111 16 1116 2637 673 7 401
1112 256 218 459 420 687 2638 368 1097 2639 1288 765 596 1096 1100
1113 797 97 296 2640 2641 63 47 1144 2642 184 90 181 2643 939 1897 45
1114 199 2000 425 1080 830 2644 13
1115 113 1555 2348 2496 16 65 2645 112 3579
1116 228 580 2646 65 487 589 193 158 76 554 294 296 1774
1117 235 443 22 324 47 2599 2647 26
1118 1152 74 24 175 2648 774 16 105 2522 1985
1119 2649 30 1576 70 1194 12 201 171 19 24 16 2157 291 175
1120 2650 372 16 26 2651 2429 325 108 1579 2652 2653 598 1577 1305 2654 123 75 657
1121 16 1751 325 291 2655 371 881 1867 228 30 664 2348 556
1122 405 70 1602 76 167 1963 228 1146 175
1123 26 2651 2554 1363 2656 170 2657 2658 2659 3394
1124 1090 866 223 27 659 242 1862 87 721 1430 24 2660 965
1125 2661 2662 9 2559 2663 2664 2665 911 17 1645 97 2129
1126 93 63 372 139 2666 47 1083 140 797 82 45 52
1127 2309 1267 44 2667 331 716 1276 102 778 3580
1128 1330 776 768 1935 2451 2668 22 2669 500 218 809 16 172 1076 41 2670 2671 2485
1129 82 92 1219 52 475 213 137 309 1218
1130 2672 2673 1494 1023 2674 1758 297 2438 803 529 543 157 2205 1496 19 1031 171 804
1131 842 201 73 175 74 291 95 75
1132 2675 2676 2677 2678 2679 2680 791 852 526 956
1133 421 941 813 114 588 2681 809 687 218 170
1134 1334 27 1184 87 719
1135 291 141 1 1259 23 24 314 120 31 1194
1136 367 2682 2488 2479 777 2683 2516 2485
1137 82 1044 1590 48 840 127 1887 65 1588 886 1913
1138 30 16 239
1139 74 147 381 26 804 9 481 123 1335 613 2684 1729 939
1140 167 2685 19 16 189 191 1819
1141 854 91 167 665 96 1397 852 287 225 17 223
1142 1536 2686 2687 2381 2688 1616 618 1326 3581
1143 167 87 140 137 27 139 48 96 213
1144 1581 199 2279 743 2689 1370 24 278 67 747 147 1647 290 462 746
1145 1745 2690 673 16
1146 16 1386 79 2691 108 74 2396 994 1 70 64 24
1147 2692 710 2432 167 2693 2694 611 2695 1434
1148 26 30 96 179 180 17 756 213 76 1907 70 22 826
1149 439 476 1831 2008 1206 1255 46 82 93 205 1651 308
1150 380 26 1312 1535 123 2696 381 1850 17 876 147
1151 184 170 2697 2305 145 1 2698 97 22 80
1152 171 228 2699 1963 378 19
1153 487 865 287 762 2700 420 966
1154 82 312 139 344 140 48 729 212 44
1155 148 1180 594 630 297 2288 627 249 122 220 432 2926
1156 2296 1534 436 2701 765 763 770 26
1157 1912 646 808 196 1668 1241 664 1348 1664 193 330 1975 641 1665 3582
1158 2702 17 618 434 321 41 26 2703 426 777 3583
1159 31 1434 73 23 1403 297 436 121 517 123 22 430 120 427
1160 2704 716 1376 287 729 1005 1289
1161 14 1044 1747 1259 141 1132 201 221 37 0
1162 2705 212 344 976 779 977 215 82 140
1163 27 780 965 24 690 651 1118 418
1164 139 50 976 27 95 140 496 48
1165 26 2157 123 70 167 327 141 16 804 618
1166 282 1030 161 691 189 171 641 157 1095 16 1035 558
1167 63 797 184 2034 312 49 47 341 1651 1435
1168 1472 137 86 2706 16 97 828
1169 184 331 199 94 52 456 51 455 95
1170 199 842 37 82 97 455 95 184 456
1171 596 395 324 1189 291 70 327 331 145
1172 24 123 175 25 70 325 26 2707 394 327 804 994
1173 457 2708 46 63 307 139 300 299 92 311
1174 52 92 44 49 139 102 311 185
1175 82 44 456 52 729 51 86 37 312
1176 926 30 174 169 2709 218 2710 1513 1487 16 228 2711 175 925 1534 438
1177 486 526 95 1635 817 618 2712 659 183 140 47 1709
1178 2254 46 2517 2272 2667 592 563 1020 1883 49 2410
1179 664 1296 158 223 2713 338 2714 241 2715 27 3584
1180 804 2668 123 171 657 120 2654 297 1183 2716 596 613 2296 648 617 21 436 1179 321 9 3570
1181 2717 2718 2719 2136 2720 1556 2088 2721 1591 417 2722 2723 3585
1182 184 140 170
1183 90 213 2724 27 24 309 966 48
1184 996 729 26 27 979 898 24
1185 1185 1196 979 557 70 519 24 662 2725 445 325 650 26 96 141 331
1186 1500 14 732 0 19 2726 1076 294 297 3370
1187 798 147 2062 1082 167 87 1300 27 490
1188 330 2727 2728 1030 1028 2079 870 16 803 984 1098 2729 1425 193
1189 2730 1963 2731 174 123 664 2732 2733 804 2734 176 2650 2735 1663 2051 253 2736 169
1190 425 420 5 1920 1102 208 13 202 1155
1191 2407 327 1574 2737 659 25 756
1192 2738 2130 2739 1129 2143 2720 2740 2462 2741 30 411 352 2742 437 1556 2743 3586
1193 252 1132 2016 171 2744 2745 2157 2746 805 71 2336 1306 2015 16 175 1118
1194 139 185 82 306 52 1061 45 81
1195 22 145 575 443 75 1196 1189 120 26 180 2421 2747 24 1337 597
1196 92
1197 2748 1323 236 2749 703 433 297 122 1574 113 633 249 2750 1935 1500
1198 218 368 147 804 2055 2592 65 1746 30 16 925
1199 296 1363 70 26 445 747 1393 145 842 756
1200 30 665 65 198 24 70 2024 288 96 1301 45 26
1201 1232 809 2751 2752 951 2206 165 2943
1202 1758 1095 534 329 2753 1888 1638 16 1496 587 1035 381 618
1203 368 190 650 371 3034
1204 809 2754 1035 2755 234
1205 308 65 376 93 50 616 2008 2756 243
1206 2757 2627 2758 2759 2760 698 674 2761 2762 1239 2763 2446
1207 65 140 312 826
1208 1331 23 87 85 158 1537 96 30 65 372
1209 295 282 16 187 30 191
1210 796 93 308 2764 601 1318 457 1061 1651 82 309
1211 145 22 875 335 262 320 1743 24 1867 3587
1212 164 244 161 158 87 692 167 418 65 1087 665
1213 70 2396 1196 613 481 574 1812 24 26 22 75 1378 763 321
1214 291 120 756 925 21 574 321 926 739 1372 118
1215 1061 63 303 82 185 92 44 52 797
1216 881 1843 2765 1239 2761 2766 2767 107 112 702 2768 1379 2129 2769 110
1217 870 1665 1223 330 804 229 558 2770 2771 171 19 167
1218 1534 223 2351 121 620 321 22 70 1430 598 1184 409 26 73 1335 575 123 30 756 21 297 120
1219 362 65 862 2263 158 818 809 2772 190 2773 2774 1232 2775 2776 2777 820 3588
1220 243 141 48 94 198 27 1397 86 244 190 241 167 1003 213
1221 108 1531 670 935 666
1222 92 82 45 47 1205 312 44 95 139
1223 296 434 302 45 292 87 324 65 925
1224 2778 2341 520 2779 1738 2780 1411 112 180 2781 2782 2783 2784 91 1465 3589
1225 2785 52 27 87 372 65 577 16
1226 2786 457 140 96 48 65 2787 1050 87 139
1227 147 862 2788 648 2789 252 150 879
1228 481 87 75 403 371 70 26
1229 1236 2574 948 1820 1259 191 2790 2791 2303 145 728 3377
1230 690 228 86 24 95 26 85 1588
1231 171 1241 1739 804 159 612 16 611
1232 956 167 965 241 30 2283 86 26 87 363 1131 1188 27
1233 167 2792 362 2187 225 27 158 1449 862 1377 3590
1234 812 31 774 432 763 1023 516 297 1403 1355 586 16 118 116
1235 94 199 779 2793 716 139 65 2794 1007 826 82 44 312 97 140
1236 70 244 241 17 24 30 651 167 26 488 87
1237 1198 182 1312 123 79 774 297 118 1268 662 141 729 2795 2796 749
1238 487 348 435 357 42 40 359 1352 2179 428 2797 789 2265 2798 508 2799 678
1239 1 201 16 23 1198 24 26 2800 141 2801 79
1240 2616 2802 1184 2803 996 579 362 405 170 95 15 968 9 842 318
1241 794 96 796 1659 155 2492 139 94 140 2804 1213 50
1242 1289 483 529 2805 538 15 3591
1243 87 199 1198 804 613 79 614 93 1124 256 94
1244 481 140 842 1404 26 311 475 92 601 476 139 48 457 93 27 308
1245 175 70 120 26 73 1152 1829 75 31 1150
1246 16 70 842 78 175 327 966 27 2806 866 74
1247 1514 264 1522 1595 280 806 749 1077 2320 833 1076 2257 320
1248 47 24 1747 52 313 141
1249 789 73 359 1183 575 678 1132 520
1250 2807 283 328 16 1147 1963 3592
1251 987 2808 2809 982
1252 2810 96 1214 2811 2812 948
1253 730 155 52 92 457 139 602 82 140 1061 48 93
1254 306 45 221 1116 52 95 81 695
1255 1938 169 584 175 2813 30 16
1256 145 167 26 2460 27 65 242 213 150 327
1257 21 321 617 25 108 118 123 574 756 1183 73 120
1258 22 26 1132 120 575 756 426 118 2814 73 21 25 145 574 236
1259 2814 2815 141 2816 858 2817 613 177 23 24 2818 620 2819 596
1260 584 2421 599 1633 288 17 24 70 108 170 12 256
1261 2055 2820 2821 1023 1409 791 2822 2823 2824 960
1262 140 2825 155 186 577 1561 2826 312 65 23 1335 1086 139
1263 16 469 821 1100 2462 2827 877 17 2828 401 1228 385 2829 1730 2830 297 2831 3593
1264 95 311 65 92 1069 27 93 139 45 308 3564
1265 660 665 852 1537 158 30 65 866 175 24 927
1266 438 327 120 12 1189 2304 26 70 24 31 141 108
1267 244 82 87 2832 241 349 65 150 2833 1295 167
1268 1907 620 1200 2834 1840 18 2835 85 65 96 729 86
1269 1182 24 1573 26 295 596 73 2795
1270 2836 2837 2838 992 1006 175 20 2839 1663 289 2312
1271 321 87 167 1308 798 24 488 175 150 288 243 927 30 613
1272 213 301 840 47 63 82 140 139
1273 16 665 70 395 711 241 256 30
1274 90 141 2412 2840 81 79 2083 2522 796 2588 2841 94 347 1187
1275 1626 848 2765 2842 2767 2843 2844 2177 183 2845 2846 2195 3594
1276 459 114 220 113 273 2847 208 880 425 420 264 1572 768
1277 191 26 622 262 330 309 941
1278 44 140 92 82 828 65
1279 223 778 24 1179 979 1430 145 1184 1744 165 1632
1280 2848 37 885 1913 2849 1645 2575 314 456 318
1281 1836 1706
1282 2850 911 26 1622 1343 37 622 907 2583
1283 199 2851 63 2579 47 307 205
1284 37 95 1042 2018 47
1285 309 45 52 65 2852 1218 139 2255 311 307 308
1286 1192 291 31 146 1193 74 77 24 70
1287 175 171 1576 2152 1532 183 228 1146
1288 37 793 2163 1590 2853 2854 2855 1441 600
1289 74 484 327 2201 618 962 662 26 75
1290 713 929 87 442 329 150 1294 162 158 159 665
1291 146 663 16 191 2522
1292 167 665 798 242 1820
1293 27 478 82 1016 66 331 654 242 52 750
1294 87 155 93 2856 139 96 186 1131 30 140
1295 796 475 457 476 82 74 93
1296 854 288 2011 618 1700 1470
1297 26 1188 2857 1632 475 242 241 1862 1296 1397
1298 399 50 716 44 2858 1267 826
1299 50 1118 309 243 87 27 82 48 616 140 2859 797 213
1300 63 592 51 82 92 139 97 48 46 45 457 52 1061 140 797
1301 3 143 208 30 7 425 207 0
1302 51 312 44 52 338 487 65 67 1435 1255
1303 287 1716 828 2860 2661 9 318 76 1313 186 3595
1304 93 49 65 48 82 140 47 50 616
1305 87 17 213 36 475 309 1052 212
1306 1495 1494 1663 321 1891 536 2861 2499 313 9 2805 774 29 756 2668 2753
1307 167 63 95 213 65 140 1537 82
1308 26 27 221 175 34
1309 443 14 2862 29 1794 2863 1816 2864 2865 2866 1315 1363
1310 87 921 664 114 228 630 147 369 1736 64
1311 17 717 47 1473 1915 143 158 45 794 65 96
1312 82 44 52 312 1020 184 63 95 212 51
1313 1820 2867 338 65 1254 89 2868 2408 2869 478 2870 948
1314 70 87 16 27 30 26 65
1315 443 31 120 79 436 72 1331 21 73 23
1316 137 139 65 96 97 45 309 52 1441
1317 228 171 30 27 1776 664 2871 1467 256 67 2515 150 2872 320 65
1318 2248 966 45 2008 308 1417 347 48 91 487 1904 2873 2523
1319 427 494 2700 492 1312 2874 627 118 854 383 14 9 2302 297 2024 31 1237
1320 302 1535 789 1201 46 2875 1132 45 777 1146 47
1321 1244 457 213 82 1435 308 93 140 48 65 87
1322 2876 2877 2024 1486 2302 2878 2879 2880 2881 2299 2882 492
1323 94 48 63 79 140 90 46 139 82 87
1324 443 162 85 167 487 30 2883 168 159
1325 27 199 347 2884 2704 418 48 1651 1561 866 65 287
1326 362 2885 167 2043 327 24 958 26 65 70 1619 27 979 1196
1327 244 87 96 65 137 213 197
1328 2124 159 2886 2887 1555 158 709 710 2259 165 3095
1329 1192 1044 26 774 361 2888 237 481
1330 65 218 145 26 327 170 70 3 30 171
1331 450 2889 19 2890 2387 2891 16 195 2615 262
1332 27 828 65 2892 1565 86 886 47 338 37 87 52 51
1333 2893 159 2894 161 282 2544 834 874 158 2895 451 162 193 2896 329
1334 26 95 24 626 446 296 75 382
1335 796 1831 198 2255 205 95 729 87 1255
1336 337 577 2053 2897 2293 1130 1098 2426 2898 2899 1072 803 335 1499 2900 804
1337 70 145 95 979 27 2901 2220 52 1601 470
1338 2902 770 657 1575 123 804 1814 2360 1805 1305 2903 3596
1339 145 288 627 443 220 78 256 368 175 757 30
1340 2904 2905 1509 1035 2906 2907 2908 2909 1730
1341 169 903 218 2910 1536 2911 2413 765
1342 2912 2913 2914 2915 2916 3597
1343 618 2548 2734 2917 273 1071 2918 13 272 268 746 1393
1344 336 1743 2660 156 914 166 2919 2920 559
1345 831 2864 141 2921 596 612 2734 939 443 79 1114 881 1405 1237 3598
1346 89 2922 228 487 2923 113 304 85 3599
1347 392 2924 2925 113 1835 842 432 296 409 292 9 295 2926 1306 2927 122
1348 404 368 65 2879 2164 85 9 86
1349 170 2928 75 22 596 23 256
1350 2929 2018 40 2930 2931 41 2932 116
1351 26 70 96 175 16 76
1352 30 45 475 1219 26 96 1218 1264 65 664
1353 2310 87 137 309 52 155 212 63 312 96 311
1354 762 2806 1111 289 170 586 921 74
1355 1116 113 425 7 420 1 410 768 13 424 208 16 170
1356 2933 1441 1261 1207 92 184 37 2577 2934 2708 3600
1357 1590 458 30 17 2036 715 52 87
1358 44 36 96 47 81 1033 46 331 58 94 24
1359 618 2935 170 1434 22 169 2936 2928
1360 213 26 690 1080 199 87 65 70 241 288
1361 1 227 26 2937 288 659 2622 27 90 3601
1362 1061 2230 44 140
1363 1404 158 175 2938 443 16 26 73 998 392 30
1364 1066 181 842 167 2407 952 862 2939 70 20 22 320 30 223 113 2940 2311 958
1365 1872 44 2122 63 47 1002 367 1050 139 82 155 2787
1366 1892 1189 481 26 1301 321 2941 24 445 2825 75 2817 623
1367 139 602 137 93 2310 52 46 81 309 49 92 26 307 155
1368 41 979 1057 30 175 1111 167 16 2942 809 70
1369 1924 1177 2943 803 2944 2222 644 3602
1370 842 199 309 47 44 46 97 52 331 95
1371 2945 96 1042 1132 183 102 36 37 312 46
1372 150 291 1 370 556 2560 65 852 87 171 16 665 18
1373 716 1370 1060 344 167 213 139 2946 2123 667 48 90
1374 30 641 187 1582 664 330
1375 2523 1129 146 1044 792 1192 167 1397 213 17 1062
1376 167 16 256 596 24 87 70 170 228 546 1434
1377 445 966 662 145 2947 26 976 842 70 74
1378 27 866 2948 181 1041 184 48 90 86 1368
1379 2039 73 1336 1791 1 747 119 1363 2320 90 320 208 687 1656 392 2949 204
1380 422 458 208 206 2950 16
1381 190 3603
1382 14 2450 199 314 1118 65 728 244 715
1383 70 146 1177 20 1320 145 687 170 1555 1118 165
1384 487 70 659 26 165 89 1161 445 2660 321 199 145
1385 1150 1196 65 180 288 925 150 75 26 73 1294 256
1386 26 16 1196 842 441 102 881 2951 327 979 1487 12 70
1387 1867 278 1866 268 556 175 1071 272 836 420 1392 16 30 1293 1070 1522 1076 745
1388 137
1389 920 96 586 79 313 65 2952 1050 2268 370 1121 1118 278 1184 372
1390 108 2550 16 1185 1386 1320
1391 199 47 95 44 52 715 51 1007 1061
1392 171 230 306 175 16 1866 229 1639 803 19 761 1031
1393 427 249 416 2953 122 2700 383 630 113 2285 633 297
1394 2001 24 199 12 616 560 65 89 70
1395 70 45 288 17 1301 26 65 1218 24 96 30 167 146
1396 2954 308 988 34 120 93 866 475
1397 842 26 65 3604
1398 302 2220 565 2701 301 1041 3605
1399 457 300 45 139 92 82 137 52 140
1400 327 70 26 24 325 1378 78 575
1401 141 26 487 70 484 73 481 167 613 24 842
1402 86 840 124 97 2955 139 1201 63 80 2240 1255
1403 27 2956 1524 1218 299 1260 1885 475 82 87 309
1404 180 140 287 1118 44 141 2957 74 398 2958 331 774 347 16
1405 137 51 52 184 82
1406 26 1395 30 2456 2959 979 70 361 74 327
1407 1111 439 1378 446 2240 145 30 2591 85 979 2960 26 65 442 447
1408 520 2961 2037 598 108 2156 2962 2527
1409 2963 2964 2965 218 2966 96 399 3606
1410 2002 1621 65 199 63 1651 124 2255 93 52
1411 185 63 184 51 52 92 97
1412 842 24 2806 1487 327 1455 70 347 487 1544 26 612
1413 51 90 52 184 312 65 82 139 2967 1913 96 47 140 44
1414 1189 1534 30 2345 287 1046 842 22 747 1772 180 165 24
1415 2968 2352 1003 1065 223 27 1179 2677 1294 956 3607
1416 123 1145 23 87 397 444 170 2969 256 3608
1417 87 243 482 965 862 158 2970 958 65 167 27 145 721 3609
1418 1836 2971 297
1419 1582 330 30 158 283
1420 2 742 198 14 321 295 256 393 520 171 1100 1653 854 228 290 96 830 16
1421 578 1233 673 847 312
1422 123 2972 1028 198 1130 2897 161 336 870 162 1743 2426 935 86 158
1423 747 748 51 90 347 184 52 2973 95 9 49 831 81 2795 47
1424 303 52 45 47 82 1359
1425 85 30 65 24 557
1426 2273 332 1061 1359 46 49 1399 36 1801
1427 1182 729 26 438 76 65 70 167 146
1428 1919 239 16 24 1315 1972 761 425 2059
1429 486 30 438 16
1430 1818 16 70 1118 586
1431 165 2974 167 1819 162 1301
1432 46 45 94 2975 90 52 97 797 81 181 2215 831
1433 745 816 1924 817 1122 1969 2976 217 169 218 2548
1434 558 329 1995 945 87 371 18 745 2977 1073 2978 833 260 221 198 278 916
1435 87 75 47 45 1812 49 93 1069 313 198 94
1436 1194 82 94 137 52 139 24
1437 155 92 308 87 140 457 139 300 93 63 48
1438 70 145 2979 75 26 2980 96 181 212 327 76 24 842
1439 27 418 89 294 158 87
1440 842 75 2199 871 228 2981 1197 45 404 2982 2983 65 90 2984 2985 3610
1441 87 27 30 1111 175 167 158 852
1442 455 37 51 52 2986 86
1443 763 2987 2988 2989 903 687 2605 1379 108 3611
1444 1811 424 264 2990 1288 2191 248 2991 2992 440 1423 2993 2847 1576 1287 768 1315 1832 3318
1445 118 163 329 780 171 175 19 65 815 196 641
1446 2994 2995 147 1310 123 297 385 876 952 2996 94 91 2997 167 1395 1359
1447 13 2998 2496 1393 382 2999 2613 259 9 1 1070 287
1448 2366 630 1556 359 765 926 108 2067 2130 3000 91 3001 687 1288 769
1449 171 1576 1192 2745 426 805 157 719 1348 249 58 19 228
1450 1133 3002 2814 347 120 3003 1338 2614 2822 596 31 9
1451 3004 1100 2830 3005 3006 3007 3008 2497 473 885 3009 401 3010 3011 3012 3013 3014 3015 3612 3613
1452 1320 3016 298 16 673 666 1486 23 3017 1237 377
1453 618 2054 283 1185
1454 52 155 94 796 1131 49 602 139 81 45 92
1455 3018 112 3019 65 370 887
1456 758 325 596 141 79 9
1457 308 45 475 93 185 2855 37 82 600 92 1218 3020 63
1458 97 47 92 3021 1194 52 95 1974 777
1459 3022
1460 175 288 228 1993 87 1179 70 612 236 24 1189 30 16
1461 90 65 321 45 475 17 213 1 47 309 842
1462 757 24 201 325 71 321 74 79 2421 73
1463 3023 3024 1323 255 2905 1328 1035 3025 803 123
1464 16 618 18 239 144
1465 187 444 193 719 3026 87 1582
1466 237 2129 2412 2085 575 2143 417 102 414 2738 2741 3027 119 2142 425 411
1467 2880 368 658 3028 3029 3030 205 2877 3031 2863 492 3032 98
1468 0 152 465 184 213 2393 2083 199
1469 3033 3034 637 942 221 2129 102 16 1847
1470 313 102 1677 1194 97 24 182 1268 47 94 324 727 79 2585 2588 331
1471 82 87 439 338 140 65 212 45 186 52 2683 1086
1472 1132 37 74 3035 81 1681 288
1473 86 87 241 47 65
1474 1555 402 70 869 2226 1534
1475 1083 85 65 1254 2870 52 87 26 30
1476 218 79 459 1730 586 1086 220 1150
1477 3036 574 3037 2659 348 3038 3039 3040 617 3041 3042 1434 3614
1478 14 189 16 19 1449 3043 3044 229 171 1808 18 291
1479 792 145 2014 481 892 141 94 326
1480 3045 633 432 16 118 3046 416 1406 3047 3048 3049 630 810 2733
1481 744 137 842 241 140 24 976
1482 127 2841 82 3050 347 2537 45 1593 1041 79
1483 813 1036 114 803 30 253 3051 870 16 177 1147 1001
1484 96 309 140 2212 213 26 94
1485 500 3052 1721 3053 357 3054 3615
1486 51 52 456 82 37 455
1487 2547 161 948 3055 2660 1906 191 407 792 3056 26 65 87
1488 89 3057 49 65
1489 185 92 44 82 52 48 95 51 46
1490 199
1491 3058 189 804 9 621 3059 2696
1492 3060 440 3061 3062 719 3616
1493 262 2224 3063 3064 870
1494 141 1288 3065 596 765 31 1816 3066 1811 169 24 662
1495 90 842 75 3067 96 2855 26 70 27 76 34 3288
1496 147 26 2 444 2591 1021 446 596 1576
1497 89 318 418 65 2003 2056 1087
1498 715 87 65 137 475 140 52 82 45 307 139 457
1499 273 866 1522 268 1071 1118 150 1080 745 3068 65 87 833
1500 1536 3069 1574 1494 3070 2980 3071 2452 536 96 1005 803
1501 1632 24 243 948 180 792 87
1502 3072 1062 26 988 123 842 291 2023 1044 16
1503 96 475 167 137 3073 17 3074 52
1504 76 175 287 1576 75 70 1363 1189 30 26 24 2870 213
1505 70 96 242 213 65 145 26 87 27 48
1506 311 93 303 1218 45 52
1507 287 2 291 347 1966 314 141 966 939 729 23 1289 94 120 79
1508 3075 113 432 297 359 2903 443 856 789 1335 770 2301 518 436
1509 97 3076 95 90 397 748 141 2456 94 1209 1 74 184
1510 1905 3077 3078 481 30 75 1202 26 1307 295 293 292 24 392 918 70 220
1511 1184 48 1163 1336 47 1536 80 24 180 221 287 96
1512 52 48 796 65 199 95 139 92
1513 3079 3080 3081 3082 3083 788 91 32 3084 1351 487
1514 1196 327 1772 175 445 438 16 326 1335 70 26 24 711
1515 262 171 1382 19 16 187
1516 2205 2485 1611 738 3085 3086 16 3087 41 735 734 1169 3088 1988 3089 3090 736 3091 3617 3618
1517 1359 52 92 95 1408 40 508 313 51 695
1518 1023 2633 3092 2 2459 1486 16 3093 123 201 2382 30 416 1320 2368
1519 759 22 167 87 175 958 147 1090 1737
1520 486 1035 618 108 2346 16
1521 720 65 18 44 3094 86 87 27 30
1522 199 184 1080 51 828
1523 2333 659 24 613 1182 979 26 445 70
1524 3095 205 296 292 916 1167 1905 45 294 3096 198 842
1525 440 1185 26 108
1526 370 925 2651 443 597 71
1527 16 565 115 239 1150 3097 1001 3098 3099 1153
1528 67 372 1502 1811 646 1500 234
1529 2227 236 1060 181 1118 2721 1725 1994 575
1530 1576 288 24 406 228 16 1963 1663
1531 90 1044 3100 1297 182 311 94 96 309
1532 51 212 184 93 96 44 826 716 95 65
1533 727 182 102 1267 74 614
1534 3101 3102 3103 1154 122 3104 2182
1535 3105 2775 487 2263 22 954 141 3106 2226
1536 3107 3108 3109 3110 1987
1537 199 46 47 96 45 1677 318 81 3111 3007 97
1538 3112 2823 1237 381 1323 3619
1539 75 441 297 830 2550 1720 2 1023 14
1540 48 1160 94 51 44 49 2198 59 457 184 82 24
1541 91 95 52 96 45 93
1542 659 76 443 256 445 3113 65 756 327 26 145 22 75 1378 24
1543 2 410 79 629 368 765 220 208 172 596
1544 3114 436 926 2817 3115 925 1434 3620
1545 79 96 405 309 1 1080
1546 2 2205 113 400 2404 1779 3116 1323 1
1547 941 189 1619 158 329 3117 991 193 461 362 1734
1548 140 46 137 186 52 139 24
1549 93 201 2616 318 48 3118 102 1887 221 34
1550 554 876 147 369 804 630 1134 1736 30 1117 225 3119 378 2068 1294 228 14
1551 249 295 432 3120 742 732 575 661 3121 439 759 113 939 831 494 40 296 26
1552 75 70 150 1131 26 659 91 487 665 842 1370 324 1086 484 87 193 296
1553 82 307 2212 602 70 94 842 137 1205
1554 1105 159 665 3122 693 1296 150 2832 1113 2833 244 27 241 615 949 1130 158 690
1555 3123
1556 948 162 243 1770 612 321 1769 24
1557 30 288 26 438 24 2421 1 145
1558 113 606 2067 1807 121 2037 114 2700 386 2505 357 23 1465
1559 689 65 1541 3124 243 2859 200 86 94 139 140 728
1560 780 809 812 785 180 2522 30 158 693 753 813
1561 804 648 1028 3125 2553 3126 229 1305 123
1562 1086 397 186 1268 2218 141 1 90 370 1244
1563 87 1651 93 213 46 92 24 81 1061 63 45 797 65 47
1564 228 3127 262 370 1146 19 1039 534 16 1758
1565 1001 2091 520 918 432 3128 3129 2146 1183 3000 1403 2862 2140 1328 870
1566 90 1131 1161 51 2885 45 1061 1204 95 1840 1069 52
1567 508 2293 665 695 1409 160 3130 85 338 89 3131 65
1568 193 919 16 158 218 2263 150 1729 809 233 47 296 65 3
1569 414 3132 2084 2462 3621
1570 306 48 26 440 1152 17 52 90
1571 2434 437 3133 118 120 3134 73 31 236 79 2522 91 141 2562 3065
1572 75 184 94 65 141 660 443 481 613 296
1573 1801 184 47 181 140 52 866 95 730 44
1574 48 3135 155 45 26 842 137 82 87 307 311
1575 3136 65 52 2008 137 3137 213 199 70 27 1131 167 90
1576 349 678 116 3138 1127 2265 1837 879 128 1246 233
1577 3139 167 96 52 976 91
1578 620 24 438 2301 167 1146 1923 586 1111 76 70 30 918
1579 47 45
1580 1066 193 380 113 114 169 3140 27 838 242 746 362 808 1520 225
1581 208 896 555 65 895 901 1256 651 87 3141 2039 944
1582 1268 842 796 457 139 94 1061 82 871 300 49 155 90 65
1583 2039 2613 966
1584 1110 30 979 2460 23 171 65 145 256 26 75 170 12 70 327
1585 812 67 3142 2210 3143 229 3144 1028 147 608 3126 803 3214
1586 82 81 797 140 52 155 730 90 139 92
1587 666 3145 30 1239 1935 1185 3146 2554 3622
1588 641 567 1915 219 329 3147 3148 1028 911 97 874 1023 34 831 1177 262 426
1589 16 191 30 146 26 24 70
1590 314 96 26 988 1062 1397 70 48 242
1591 392 3149 23 113 24 16 26 170 141 1165 481 116 1237 409 348 70 787 9
1592 49 796 3150 1812
1593 585 763 30 3151 175 253 1196
1594 139 1261 475 137 213 87 457 140 199 1218 82 300
1595 3152 1340 1795 3153 3154 2421 687 3155 2747 3156 519 756
1596 1320 120 596 291 180 74 1005 3157 1267 3158 118 3623
1597 312 2272 52 47 183 36 826 185 44 579 37 331 95 46
1598 16 1185
1599 695 306 1129 1710 3095 1713 3054 3159 3160 500 3161 777 487
1600 65 554 3162 3113 2070 3163 3164 3165 958 1862 794 2970
1601 37 94 47 90 65 139 81 51 184
1602 211 443 1397 26 27 3166 24 927
1603 16 24 145 87 141 445 65
1604 1121 16 831 256 425 65 404 23 368 629 325 318 24 295
1605 185 93 36 45 52 2410 49
1606 916 3167 90 1971 1131 294 1836 368 1392 1455 52
1607 416 628 2405 630 409 960 627 3168 3169 113 433 2174 3170 427 3171 3624
1608 620 223 167 1090 30 1430 120 1184
1609 3172 579 3173 1851 456 750 3174 140 3175 3176 129 1913 797 1441 3177 3625
1610 167 30 842 475 87 1819 27 24 65 70
1611 31 108 3178 291 16 596 175 1232 22 23 526
1612 91 381 23 1323 1001 180 487 12 567 1681 87 3003
1613 613 123 1294 526
1614 92 52 45 44 312 96 82 65
1615 362 89 86 85 197 167 65 191 262
1616 52 1955 466
1617 3179 52 3180 46 309 199 137 59 92
1618 94 63 308 92 139 2001 602 1132 140 90 52
1619 26 979 327 70 1182 145 443 687 2725
1620 321 3181 1795 288 16
1621 3182 2345 1046 3088 295 1192 412 1320 89 3183 313 3184 75 1265 30 854 77 952
1622 3185 65 883 221 831 3186 397 1268 14 3187 3188 347 9 3626
1623 145 3189 3 3190 70
1624 3191 2202 215 1017 306 3192 2488
1625 45 48 93
1626 457 303 97 90 199 45 93 48 139
1627 2621 3193 3194 1220 3195 979 815 3196 2622 3197 176 3198 954 3199 3627
1628 1820 309 3200 65 948 1536 2574
1629 1032 979 1430 1532 756 2803 70 919 118 1196 762 22 3067 1185
1630 809 312 808 93 241 244 561 780 167 2263 161 158
1631 1192 95 309 87 272 445 86 842 747 748 866 76
1632 3201 1389 1515 270 1521 838 3202 746 264 1514 1076 1073 1217 3203 1391 3204 249
1633 96 296 44 52 82 45 95
1634 65 90 79 139 27 213 309 347 87
1635 2806 96 30 2157 729 26 716 175 70
1636 26 24 180 70 1573 2806 1182 327 175 842
1637 30 26 74 22 79 118 966 596 70 16 24 120
1638 17 95 306 2588 45 302 3205 185 1565 52 730 44 92
1639 1473 3206 139 140 82 155 2683 344 47 215 3207 52
1640 256 662 465 1315 8 404 141 172 368
1641 120 70 1634 242 76 1378 26 614 2023 243 2412 420
1642 47 1237 1 409
1643 3208 174 1185 282 670 41 187 189 673
1644 3209 37 370 1372 3210 3080 3211 3212 1682 458 238 716
1645 1078 278 1122 1975 1900 270 835 838 217 2249 3213 260 1072 1475 2297
1646 1342 719 749 554 488 65
1647 596 842 3628
1648 3214 903 1110 3 24 2412 171
1649 48 140 239 312 63 1083 618 399 74
1650 3215 3216 3217 3218 3219 3629
1651 2648 25 3220 3221 2058 527 3222 1341 3223 3224 20 379 2816 26 2819
1652 97 51 3148 45 455 341 1887 1343 181 1 213 90 184 37
1653 730 155 137 139 366 3225 796 212 92 1061 82 140
1654 95 86 3226 466
1655 249 765 233 73 1403 613 67 966 1434 2612
1656 3227 3228 3630
1657 1189 1772 443 438 3229 75 145 78 1196 575
1658 51 455 1016 184 65 137 1209
1659 1769 2311 612 1090 2472 862 956 1294 860 3230 958 1737
1660 193 189 622 187
1661 3231 3631
1662 3232 189 3233 187 941 330
1663 810 678 1465 3051 2031 1001 170 820 2693 253 3632
1664 1867 438 3083 2722 26 2569 662 145
1665 50 139 366 600 300 92 140 95 155 457 82 1061
1666 804 2628 3234 1185 1239 648 1956 381 108 3633
1667 2252 1391 839 371 1057 808 2281 838 3235 85 1819 76 3236 376
1668 65
1669 1169 3237 3238 158 3239 3240 957 3634
1670 16
1671 3241 543 97 3242 411
1672 2047 318 3243 95 91 579 36 291 44 3244 47 826 1263 46 17
1673 976 24 87 792 665 27 744 1318 367 3635
1674 95 96 49 47 292 52 338 65
1675 2301 630 733 3245 2398 508 732 3246 678 430 297 960 432 383 1323 1328 1023
1676 474 2192 76 79 756 3247 58 665 278 22
1677 370 804 445 16 26 3248 648 879 85 75 87 3249 12 1179 325 1058 481 65
1678 16 403 19 1179 30 348 228 439 73
1679 1061 457 92 27
1680 96 1102 1208 1101 3250 3251 47
1681 3252 3253 3254 3255 3256 3257 2463 2021 3258 3259 3260 474
1682 2313 1452 2083 3261 520 596 1335 765
1683 297 287 803 3262 960 372 1917 1681 1328 121 3023 1323
1684 3263 1097 230 558 3264 19 1639 384 2745 1031 1039
1685 85 1321 3265 428 22 1323 2611 65 1111 297
1686 2346 16 108 1185 2151 486
1687 3266 3130 89 40 1822 85
1688 658 1486 629 490 3267 85
1689 3183 2164 3268 618 909 826 1744
1690 52 200 291 17 2047 312 44 47 3243 49 95 91 826 3636
1691 47 96 46 49 95 842 1020
1692 1296 123 1770 852 120 321 159 225 294 198 150 665 147 162 295 929 1086
1693 167 40 1411 91 487 2383 338
1694 3269 2198 86 199 828 82 2497 37 309 964 3270 47 58 364 300 1566
1695 577 96 75 175 309 141
1696 208 1452 763 1 3271 218 765 3 170
1697 3272
1698 231 324 456 94 199 331 831 96 184 90 47 1
1699 291 3273 1708 2917 596 618 3274 3209
1700 950 201 3275 1431 3048 3276 1266 236 3277 756 858 227 925
1701 87 65 14 1397 309 475 30 842 1294 241 96 1080 27
1702 0 629 119 1779 297 3278 404 3279 3280 3281 3282 3283 1035 2924 1168 765 3149 2363
1703 47 52 45 30 291 17 456
1704 309 140 27 318 842 2806 82 97 30 76 65 201 80 1294
1705 90 347 1 1132 141 287 831 3160 79 917 94 296 1131 1905
1706 325 26 70 979 141 842 1534 1004 327 1182 484
1707 3284 2007 1408 2009 508 1654 3637
1708 674 3285 666 670 2287 3286 958 2368 2916 16
1709 443 1363 81 436 2795 97 1 220
1710 1061 1020 49 842 3638
1711 3048 2151 167 925 108 996 2295 618 27 289 798
1712 327 1189 70 659 3287 26 597 445 24 78 3110 75 145 979
1713 87 96 167 1397 363 27 19 213 557
1714 1052 65 2786 616 158 137 139 63 140 3288 1206 1650 308
1715 26 613 711 2475 180 2126 3289 29 67 575 763 1196 687
1716 1574 3290 232 160 228 774 2664 2901 1603 1098 19 291 85
1717 804 141 690 658 878 65 709 58 3291 74 1131
1718 27 244 150 665 87 2512 418 562 199
1719 181 995 762 9 1060 1 3261 221 2214 3292 2649 1534 90 409
1720 102 9 539 2630 2084 3293 538 3294 3058 925 541
1721 420 1076 313 273 768 2557 370 16 965 866
1722 3295 3639
1723 113 2 297 487 457
1724 1905 16 114 809 768 774 817 1611 3296 3297 591
1725 2105 637 3272
1726 18 193 158 690 405 87 243 1111 65
1727 70 2157 1576 1063 3298 1259 30 314 395 201 175 863
1728 1062 87 137 65 3299 16 2574 146 776 1259
1729 756 3300 70 1090 574 399 575 3350
1730 1660 3640
1731 242 3301 223 48 145 2123 70 327 1731 1397
1732 408 3302 1 410 368 3303 3304 3305 2684 584 1133 3641
1733 641 231 164 16 3306 193 3307 558 3642
1734 936 102 86 1268 1118 1536 37 331 190 1244 1 51 3186
1735 297 171 90 9 948 141 228 24 158 145
1736 87 137 2389 24 199 715
1737 327 3308 24 1189 1196 70 979 30 26 75 3643
1738 199 747 180 309 141 1335 228 175 1032
1739 756 167 73 2825 950 3309 24 998 2806 2311 992 20
1740 1576 1062 2345 76 395 863 24 659 1335 26 1192 1044 70
1741 81 1244 871 338 40 49 45 26 65 2008 95
1742 3310 867 118 3311 1056 3312 180 757
1743 370 216 237
1744 223 183 167 91 3313 1430 3314 847 1090
1745 3315 422 3316 1076 2083 3317 3318 208 687 180
1746 307 1587 27 137 139 842 82 140 213
1747 49 1042 140 139 487 312 716
1748 75 858 659 2864 1467 3289 2107 3319 3644
1749 1082 167 183 63 1086 139 577 312 51 37 52 90 95 140
1750 2341 484 1378 2566 3065 24
1751 3320 3321 455 36 52 2410 297 139 1020 1 47
1752 599 30 145 70 3322 158 27
1753 30 1057 3208 65 692 650 187
1754 2023 349 321 308 683 682 678 428 3323 91 487 3324 35 358 3645
1755 2259 3325 71 3326 710
1756 3327 810 171 661 1310 416 409 113 630 400 149 297 249 148 1117
1757 318 371 47 37 221 278 86 44
1758 70 827 167
1759 432 2879 437 249 297 381 1505 2700 789 3328 428 3329 3029 3330 2288
1760 1494 1492 3331 29 545 16 534 804 1370 256 3332 3222 1763 1496 1888
1761 11 175 380 894 804 70 79 3333 23 121 26 147
1762 720 30 3334 694
1763 95 313 1 1131 63 94 221 47
1764 108 118 2396 1032 2522 324 3310 291 385 183 347 65 3335 3646
1765 0 223 287 3156 2312 1008 2420 829 654 1335 290
1766 75 147 372 335 710 385 3336 830 141 1221 166 143 370 16 1811
1767 37 1041 90 175 966 47 95 487 93
1768 491 690 722 19 160 191 665 65
1769 16 718 622 637 189 171 64 193
1770 556 174 170 321 3337 2525 761 1532 2068 854 16
1771 1902 139 154 45 300 894 964 744 1041
1772 880 3338 3339 3340 3341 3342 3612
1773 679 3131 359 789 1306 1023 508 1417 2834 435 1410 3647
1774 3343 2003 678 2093 657 113 3344 175 32 508 2288 218 1284 927 449 357 3648
1775 321 320 809 24 120 175 851 1431
1776 2083 79 201 3345 3346 3347 958 1933 660 528 123 3348 3349 3350 3649
1777 1178 747 26 1060 1336 2888 3351 842 71 199 75
1778 627 87 180 3352 223 2187 742 30 665 65 158
1779 306 507 2931 3353 91 3354 294 1693 500 3355 357 1713
1780 108 16 167 933 321 618 30 22
1781 87 2802 70 223 842 1397 146 26 30
1782 397 402 440 752 3356 1822 1725 1118 228 575 70
1783 685 458 1409 3357 45 2047
1784 193 1734 168 969 86 262 1819
1785 401 838 627 372 2382 3358 383 2499 169 271 9 1253 1427 249 1794
1786 318 2461 1118 65 1391 2494 48 1397
1787 1807 113 3359 3360 3361 1283 3362 3363 3364 1309 3365 2633 3366 661 3367 1035 3368 3650
1788 2003 2171 427 633 297 113 630 9 416 433 1505 400 1112 2300 383
1789 870 1910 167 253 2692 3369 1894 3370 1147 2426
1790 70 327 662 484 65 191 1241
1791 74 575 16 70 296 347 1060 71 73 24 182 120
1792 26 659 1179 371 1182 70 65 623 24 445 1401
1793 221 409 1015 24 723 287 30 3371 331 884 291 324
1794 381 30 87 201 75 1106 70 921 26 327
1795 687 1326 761 208 175 765 420
1796 320 158 171 16 329 1555 19 449 561 1837 228 691 495 3372 719
1797 3373 1000 3374 1 3375 409 3651
1798 75 919 2024 296 293 295 70 995
1799 140 716 44 82 94 3376 212 976 63 92 213 51 1209
1800 948 309 3377 1046 3055 287 179 1821 3162 1731 2574 24
1801 79 73 87 487 141 94 446 1131 24 347 662
1802 82 47 3378 94 457 312 730 51 140 139 796 45
1803 719 3379 87 475 2389 65 86 199
1804 155 48 347 311 139 2856 92 213 457 140 366 3652
1805 1337 1145 3261 3380 23 927 3381 175 145 256 78
1806 16 768 3382 3383 2607 3384 1025 3385 175 3386 220
1807 948 3162 1045 44 3136 24 3387 48 94 481 88 1632
1808 629 630 1774 742 1724 427 3388 1486 3389 249 113 633 2525 627 383 404 1
1809 1192 14 171 392 1202 995 1363 96 481 406 747 329 3390 75
1810 804 3391 381 123 534 2396 9 321 87 2192 732 40 1448 3331 529
1811 796 51 95 47 965 794 743 1061 199 797 45
1812 180 141 201 70 2083 347 175 484 120 73 596 3392 1
1813 24 481 48 94 1061 842 70 96 1131 796 141
1814 87 1004 1623 2193 659 288 70 24 26 325
1815 2434 239 3393 3394 436 567
1816 1148 903 3395 939 2459 115 3396 227 894 2 1609 3653
1817 47 51 311 831 1061 49 95 97 92 185
1818 47 45 24 141
1819 927 8 96 1836 17 12 288 916 1536 47 295 24 1562
1820 139 184 140 223 94 1430 24 96 1435 74 201 796 181 90
1821 1301 241 289 27 1826 65 30 792 199
1822 16 164 146 189 1064 1193 64 948
1823 167 615 242 241 1377 798 3397 22 2680 665 612 523 225 1294 1770
1824 3398 25 1289 121 79 120 141 939 118 105
1825 3399 26 70 84 16 613 402 189
1826 462 1240 1072 371 86 376 193 260 278 746 808 1475 471 230 65 3400 459 1118
1827 885 1826 1150 1023 400 218 765 368 113 2 3401 629 2701 409 297
1828 3402 3403 1709 3404 1574 3405 761 3406 3407 1400 37 1844 2151 1808 3654
1829 1225 3408 3409 147 21 765 3410 123 2172
1830 16 3411 425 239 2365 500 2103 3412 7
1831 199 86 1528 3413 193 981 164 622 558 190
1832 457 50 139 155 311 3414 82 140 602 312
1833 3415 3102 67 218 420 3416 1900 746 217 3417 1122 1118 1071 80
1834 3418 885 2464 3241 980 880 1541 1526 2641 807 3007 3004 471 86 190
1835 167 729 143 180 1111 24 989 862 74 48 798 223
1836 205 52 577 221 444 2983 289 167 95 81 660 184 45 14 831 313 1885 729
1837 49 308 357 3200 243 95 1
1838 3419 157 1348 3420 558 1732 2012 3421 1460 691
1839 1343 140 1887 63 3422 82 2208 184 92 49 185 312 825 52 1621 1435
1840 17 324 716 24 1184 123 31 238 1555 291 1083 1372 70 370 96 2023 3655
1841 927 256 690 3423 94 65 87 792 24 325 321
1842 90 82 478 65 2022 3424 139 93 59 69 45 1016 86 63
1843 941 3425 558 1118 3426 3427 462 1995 3428 278 1224 745 376 193 2872 1997 945 743
1844 3429 156 710 3430 1113 1466 2187 162 3431 1241 3432 1770 665
1845 24 1915 2198 63 1676 198 688 86 826 97 344 199 37 891 964 2859 885 455
1846 26 3433 3434 1118 180 223 1376 716 87 1334 76 1840 729 1430 715 651
1847 3200 309 87 1885 308 30 1065 158 65
1848 97 3435 470 37 299 139 154 47 3436 95
1849 63 3437 82 2389 1184 826 1052 399
1850 782 368 184 836 3438 425 97 1
1851 1184 27 1118 199 309 26 2150 1259 842 52
1852 371 651 199 87 30 27 927 16
1853 262 666 201 1193 439 30 2641 85 89 2945 733 1574 146
1854 1397 139 696 215 312 576 212 242 48 223 3439 778
1855 1023 408 1405 410 1 368 1320 3251 3440 208 172 122 113 297 1275 768
1856 2981 31 347 118 2522 24 1187 71 291
1857 376 216 220 2063 424 1185 108 425
1858 1004 70 26 327 24 979
1859 662 30 438 443 3441 3442 75 436
1860 46 1083 37 311 1061 65 27 92
1861 49 108 46 185 1399 24 52 1020 2410
1862 2845 556 2638 561 1751 174 596 815 587 253 1238
1863 1710 1713 500 854 3161 3054 1129 3160 3443 199 306 294 3656
1864 291 175 325 756 327 26 120 22 3003
1865 1700 2151 1185
1866 1951 3444 96 3445 3446 312 3447 716 1235 1233 3657
1867 3448 1496 1974 3449 533 1093 534 2687 3450 2520 3658
1868 23 1196 830 325 147 3451 30 1653 1663 288 762 16 169 1331 170
1869 24 321 16 26 613 2825 481 256 325 295 1774 1150 927 662 70
1870 732 433 3452 630 3453 416 1306 432 3454 3455 297 789 661 3456 873 3457 3327 3659
1871 1749 1666 1425 229 232 2079 1750 2210 1028 3458 164 644 874 1668 196
